monday,tuesday,wednesday,thursday,friday,saturday,sunday,start_date,end_date,service_id
0,0,0,0,0,0,1,20250914,20250921,1024
0,0,0,0,0,0,1,20250914,20250921,1098
0,0,0,0,0,0,1,20250914,20250921,129
0,0,0,0,0,0,1,20250914,20250921,403
0,0,0,0,0,0,1,20250914,20250921,582
0,0,0,0,0,0,1,20250914,20250922,896
0,0,0,0,0,0,1,20250914,20250927,709
0,0,0,0,0,0,1,20250914,20250928,151
0,0,0,0,0,0,1,20250914,20250928,48
0,0,0,0,0,0,1,20250914,20250928,764
0,0,0,0,0,0,1,20250914,20251003,6
0,0,0,0,0,0,1,20250914,20251005,127
0,0,0,0,0,0,1,20250914,20251005,450
0,0,0,0,0,0,1,20250914,20251005,648
0,0,0,0,0,0,1,20250914,20251005,786
0,0,0,0,0,0,1,20250914,20251012,1044
0,0,0,0,0,0,1,20250914,20251012,1056
0,0,0,0,0,0,1,20250914,20251012,178
0,0,0,0,0,0,1,20250914,20251012,229
0,0,0,0,0,0,1,20250914,20251012,231
0,0,0,0,0,0,1,20250914,20251012,313
0,0,0,0,0,0,1,20250914,20251012,452
0,0,0,0,0,0,1,20250914,20251012,707
0,0,0,0,0,0,1,20250914,20251012,761
0,0,0,0,0,0,1,20250914,20251012,767
0,0,0,0,0,0,1,20250914,20251012,897
0,0,0,0,0,0,1,20250914,20251012,913
0,0,0,0,0,0,1,20250914,20251012,92
0,0,0,0,0,0,1,20250914,20251012,924
0,0,0,0,0,0,1,20250916,20251012,849
0,0,0,0,0,0,1,20250917,20251005,987
0,0,0,0,0,0,1,20250921,20250928,28
0,0,0,0,0,0,1,20250921,20251005,264
0,0,0,0,0,0,1,20250921,20251005,551
0,0,0,0,0,0,1,20250921,20251005,581
0,0,0,0,0,0,1,20250921,20251012,36
0,0,0,0,0,0,1,20250921,20251012,423
0,0,0,0,0,0,1,20250921,20251012,430
0,0,0,0,0,0,1,20250921,20251012,550
0,0,0,0,0,0,1,20250926,20251012,368
0,0,0,0,0,0,1,20250927,20251006,133
0,0,0,0,0,0,1,20250928,20251005,1121
0,0,0,0,0,0,1,20250928,20251012,350
0,0,0,0,0,0,1,20250928,20251012,639
0,0,0,0,0,0,1,20250928,20251012,847
0,0,0,0,0,0,1,20251004,20251012,967
0,0,0,0,0,0,1,20251005,20251012,927
0,0,0,0,0,1,0,20250914,20251004,412
0,0,0,0,0,1,0,20250920,20250927,397
0,0,0,0,0,1,0,20250920,20251003,839
0,0,0,0,0,1,0,20250920,20251004,372
0,0,0,0,0,1,0,20250920,20251004,708
0,0,0,0,0,1,0,20250920,20251011,1050
0,0,0,0,0,1,0,20250920,20251011,162
0,0,0,0,0,1,0,20250920,20251011,163
0,0,0,0,0,1,0,20250920,20251011,475
0,0,0,0,0,1,0,20250920,20251011,832
0,0,0,0,0,1,0,20250920,20251011,887
0,0,0,0,0,1,0,20250920,20251012,373
0,0,0,0,0,1,0,20250927,20251004,1038
0,0,0,0,0,1,0,20250927,20251011,1035
0,0,0,0,0,1,0,20250927,20251011,1095
0,0,0,0,0,1,0,20250927,20251011,1107
0,0,0,0,0,1,0,20250927,20251011,1111
0,0,0,0,0,1,0,20250927,20251011,393
0,0,0,0,0,1,0,20250927,20251011,936
0,0,0,0,0,1,0,20250927,20251012,134
0,0,0,0,0,1,0,20251002,20251011,889
0,0,0,0,0,1,0,20251003,20251011,1025
0,0,0,0,0,1,0,20251003,20251011,234
0,0,0,0,0,1,0,20251003,20251012,1123
0,0,0,0,0,1,0,20251004,20251011,31
0,0,0,0,0,1,1,20250914,20250920,1036
0,0,0,0,0,1,1,20250914,20250921,541
0,0,0,0,0,1,1,20250914,20250925,519
0,0,0,0,0,1,1,20250914,20250928,909
0,0,0,0,0,1,1,20250914,20251004,601
0,0,0,0,0,1,1,20250914,20251004,805
0,0,0,0,0,1,1,20250914,20251005,303
0,0,0,0,0,1,1,20250914,20251005,383
0,0,0,0,0,1,1,20250914,20251005,417
0,0,0,0,0,1,1,20250914,20251012,188
0,0,0,0,0,1,1,20250914,20251012,189
0,0,0,0,0,1,1,20250914,20251012,241
0,0,0,0,0,1,1,20250914,20251012,401
0,0,0,0,0,1,1,20250914,20251012,509
0,0,0,0,0,1,1,20250914,20251012,520
0,0,0,0,0,1,1,20250914,20251012,564
0,0,0,0,0,1,1,20250914,20251012,567
0,0,0,0,0,1,1,20250914,20251012,744
0,0,0,0,0,1,1,20250914,20251012,836
0,0,0,0,0,1,1,20250914,20251012,9
0,0,0,0,0,1,1,20250914,20251012,901
0,0,0,0,0,1,1,20250920,20250921,376
0,0,0,0,0,1,1,20250920,20250927,556
0,0,0,0,0,1,1,20250920,20250928,630
0,0,0,0,0,1,1,20250920,20251003,168
0,0,0,0,0,1,1,20250920,20251005,560
0,0,0,0,0,1,1,20250920,20251005,791
0,0,0,0,0,1,1,20250920,20251012,1047
0,0,0,0,0,1,1,20250920,20251012,1070
0,0,0,0,0,1,1,20250920,20251012,898
0,0,0,0,0,1,1,20250921,20251012,11
0,0,0,0,0,1,1,20250921,20251012,722
0,0,0,0,0,1,1,20250926,20251012,173
0,0,0,0,0,1,1,20250926,20251012,572
0,0,0,0,0,1,1,20250927,20250928,83
0,0,0,0,0,1,1,20250927,20251005,306
0,0,0,0,0,1,1,20250927,20251012,351
0,0,0,0,0,1,1,20250927,20251012,435
0,0,0,0,0,1,1,20250927,20251012,626
0,0,0,0,0,1,1,20250927,20251012,638
0,0,0,0,0,1,1,20250927,20251012,75
0,0,0,0,0,1,1,20250928,20251004,860
0,0,0,0,0,1,1,20250928,20251005,124
0,0,0,0,0,1,1,20250928,20251005,130
0,0,0,0,0,1,1,20251003,20251012,738
0,0,0,0,0,1,1,20251004,20251005,1031
0,0,0,0,0,1,1,20251004,20251012,855
0,0,0,0,0,1,1,20251005,20251012,200
0,0,0,0,0,1,1,20251011,20251012,810
0,0,0,0,1,0,0,20250919,20250926,1059
0,0,0,0,1,0,0,20250919,20250926,431
0,0,0,0,1,0,0,20250919,20250927,1007
0,0,0,0,1,0,0,20250919,20251002,506
0,0,0,0,1,0,0,20250919,20251003,181
0,0,0,0,1,0,0,20250919,20251003,945
0,0,0,0,1,0,0,20250919,20251010,227
0,0,0,0,1,0,0,20250919,20251010,26
0,0,0,0,1,0,0,20250919,20251010,657
0,0,0,0,1,0,0,20250919,20251011,1032
0,0,0,0,1,0,0,20250926,20251003,228
0,0,0,0,1,0,0,20250926,20251005,958
0,0,0,0,1,0,0,20250926,20251010,279
0,0,0,0,1,0,0,20250926,20251010,584
0,0,0,0,1,0,0,20251003,20251010,669
0,0,0,0,1,0,1,20250914,20250919,1039
0,0,0,0,1,0,1,20250914,20250921,687
0,0,0,0,1,0,1,20250914,20250926,358
0,0,0,0,1,0,1,20250914,20251005,548
0,0,0,0,1,0,1,20250914,20251005,893
0,0,0,0,1,0,1,20250914,20251012,453
0,0,0,0,1,0,1,20250914,20251012,492
0,0,0,0,1,0,1,20250914,20251012,701
0,0,0,0,1,0,1,20250919,20250921,1040
0,0,0,0,1,0,1,20250919,20250926,319
0,0,0,0,1,0,1,20250919,20250928,1058
0,0,0,0,1,0,1,20250926,20250928,67
0,0,0,0,1,0,1,20250926,20251012,243
0,0,0,0,1,0,1,20250928,20251003,1065
0,0,0,0,1,0,1,20250928,20251003,113
0,0,0,0,1,0,1,20250928,20251003,342
0,0,0,0,1,0,1,20250928,20251003,695
0,0,0,0,1,0,1,20251003,20251005,620
0,0,0,0,1,0,1,20251005,20251010,1086
0,0,0,0,1,0,1,20251005,20251010,928
0,0,0,0,1,0,1,20251010,20251012,816
0,0,0,0,1,0,1,20251010,20251012,961
0,0,0,0,1,1,0,20250919,20250920,640
0,0,0,0,1,1,0,20250919,20250926,409
0,0,0,0,1,1,0,20250919,20251004,292
0,0,0,0,1,1,0,20250919,20251011,1014
0,0,0,0,1,1,0,20250926,20250927,507
0,0,0,0,1,1,0,20250926,20250928,837
0,0,0,0,1,1,0,20250926,20250929,917
0,0,0,0,1,1,0,20250926,20251011,1052
0,0,0,0,1,1,0,20250926,20251011,968
0,0,0,0,1,1,0,20250927,20251003,799
0,0,0,0,1,1,0,20250927,20251004,359
0,0,0,0,1,1,0,20250927,20251005,305
0,0,0,0,1,1,0,20251003,20251004,157
0,0,0,0,1,1,0,20251010,20251011,360
0,0,0,0,1,1,1,20250914,20250920,122
0,0,0,0,1,1,1,20250914,20250921,1002
0,0,0,0,1,1,1,20250914,20250926,80
0,0,0,0,1,1,1,20250914,20250927,175
0,0,0,0,1,1,1,20250914,20250928,801
0,0,0,0,1,1,1,20250914,20251012,511
0,0,0,0,1,1,1,20250914,20251012,565
0,0,0,0,1,1,1,20250914,20251012,756
0,0,0,0,1,1,1,20250914,20251012,935
0,0,0,0,1,1,1,20250919,20250921,101
0,0,0,0,1,1,1,20250926,20250928,634
0,0,0,0,1,1,1,20250926,20251003,775
0,0,0,0,1,1,1,20250926,20251012,255
0,0,0,0,1,1,1,20250926,20251012,668
0,0,0,0,1,1,1,20250926,20251012,723
0,0,0,0,1,1,1,20250927,20251003,856
0,0,0,0,1,1,1,20250927,20251005,42
0,0,0,0,1,1,1,20250928,20251005,242
0,0,0,0,1,1,1,20250928,20251005,513
0,0,0,0,1,1,1,20251003,20251005,378
0,0,0,0,1,1,1,20251004,20251012,167
0,0,0,0,1,1,1,20251005,20251012,339
0,0,0,0,1,1,1,20251010,20251012,427
0,0,0,1,0,0,0,20250918,20251009,919
0,0,0,1,0,0,0,20250924,20251002,221
0,0,0,1,0,0,1,20250914,20250918,632
0,0,0,1,0,0,1,20250926,20251002,176
0,0,0,1,0,0,1,20250928,20251002,239
0,0,0,1,0,1,0,20250918,20250920,611
0,0,0,1,0,1,0,20250925,20250927,736
0,0,0,1,0,1,0,20251002,20251004,523
0,0,0,1,0,1,0,20251002,20251004,672
0,0,0,1,0,1,0,20251002,20251011,802
0,0,0,1,0,1,0,20251009,20251011,813
0,0,0,1,1,0,0,20250918,20250919,914
0,0,0,1,1,0,0,20250919,20251002,500
0,0,0,1,1,0,0,20250925,20250926,753
0,0,0,1,1,0,0,20250925,20251010,585
0,0,0,1,1,0,0,20250926,20251002,602
0,0,0,1,1,0,0,20251002,20251003,290
0,0,0,1,1,0,0,20251009,20251010,1057
0,0,0,1,1,0,1,20250914,20250919,793
0,0,0,1,1,0,1,20250915,20250926,868
0,0,0,1,1,1,0,20250918,20250920,18
0,0,0,1,1,1,0,20250918,20250927,516
0,0,0,1,1,1,0,20250925,20250927,795
0,0,0,1,1,1,0,20250927,20251004,1060
0,0,0,1,1,1,0,20250927,20251004,631
0,0,0,1,1,1,0,20251002,20251004,598
0,0,0,1,1,1,0,20251003,20251011,806
0,0,0,1,1,1,0,20251009,20251011,807
0,0,0,1,1,1,1,20250914,20250923,293
0,0,0,1,1,1,1,20251002,20251005,797
0,0,0,1,1,1,1,20251009,20251012,223
0,0,1,0,0,0,1,20250914,20250917,484
0,0,1,0,0,0,1,20250924,20250928,1021
0,0,1,0,0,0,1,20250928,20251005,886
0,0,1,0,0,0,1,20251001,20251005,367
0,0,1,0,0,1,1,20250924,20250928,143
0,0,1,0,0,1,1,20251004,20251008,650
0,0,1,0,1,0,0,20250924,20250926,191
0,0,1,0,1,0,0,20251003,20251008,208
0,0,1,0,1,0,0,20251008,20251010,1004
0,0,1,0,1,1,0,20251008,20251011,765
0,0,1,1,0,0,0,20250917,20250918,186
0,0,1,1,0,0,0,20250917,20251001,641
0,0,1,1,0,0,0,20250924,20250925,840
0,0,1,1,0,0,0,20250925,20251003,425
0,0,1,1,0,0,0,20251001,20251002,999
0,0,1,1,0,0,0,20251008,20251009,920
0,0,1,1,0,0,1,20250926,20251006,63
0,0,1,1,0,0,1,20250927,20251006,1005
0,0,1,1,0,0,1,20251002,20251012,246
0,0,1,1,0,1,0,20250927,20251008,81
0,0,1,1,0,1,1,20250924,20251014,973
0,0,1,1,1,0,0,20250915,20250927,308
0,0,1,1,1,0,0,20250917,20250919,800
0,0,1,1,1,0,0,20250917,20250925,985
0,0,1,1,1,0,0,20250918,20250926,52
0,0,1,1,1,0,0,20250924,20250926,13
0,0,1,1,1,0,1,20250914,20250928,875
0,0,1,1,1,0,1,20250924,20250928,535
0,0,1,1,1,1,0,20250926,20251011,102
0,0,1,1,1,1,0,20251001,20251005,314
0,0,1,1,1,1,0,20251001,20251005,674
0,0,1,1,1,1,0,20251008,20251011,778
0,0,1,1,1,1,1,20250921,20250930,621
0,1,0,0,0,0,1,20250914,20250916,594
0,1,0,0,0,0,1,20251012,20251014,459
0,1,0,0,0,1,1,20250927,20250930,532
0,1,0,0,1,0,0,20250916,20250923,1020
0,1,0,0,1,0,0,20250919,20250923,225
0,1,0,0,1,0,0,20251007,20251010,120
0,1,0,1,0,0,0,20250916,20250918,216
0,1,0,1,0,0,0,20250916,20250918,902
0,1,0,1,0,0,0,20250925,20250930,1037
0,1,0,1,0,0,0,20250930,20251002,472
0,1,0,1,0,0,0,20251002,20251014,170
0,1,0,1,0,0,0,20251003,20251014,579
0,1,0,1,0,0,0,20251007,20251009,1062
0,1,0,1,1,0,0,20250916,20251002,402
0,1,0,1,1,0,0,20250916,20251014,941
0,1,0,1,1,0,0,20251007,20251010,24
0,1,0,1,1,1,0,20250925,20251011,97
0,1,0,1,1,1,1,20250914,20251014,706
0,1,1,0,0,0,0,20250914,20250924,561
0,1,1,0,0,0,0,20250915,20250924,345
0,1,1,0,0,0,0,20250916,20250917,1011
0,1,1,0,0,0,0,20250916,20250917,442
0,1,1,0,0,0,0,20250923,20250924,348
0,1,1,0,0,0,0,20250923,20250924,782
0,1,1,0,0,0,0,20250930,20251001,1113
0,1,1,0,0,0,0,20251007,20251008,297
0,1,1,0,0,0,0,20251008,20251014,688
0,1,1,0,0,0,1,20250914,20250921,123
0,1,1,0,0,0,1,20250916,20251014,992
0,1,1,0,0,0,1,20250917,20250923,925
0,1,1,0,0,1,0,20250920,20250924,681
0,1,1,0,0,1,1,20250927,20251001,249
0,1,1,0,1,0,0,20250915,20250923,1117
0,1,1,0,1,0,0,20250916,20250919,1094
0,1,1,0,1,1,1,20250914,20250923,608
0,1,1,1,0,0,0,20250916,20250918,1028
0,1,1,1,0,0,0,20250916,20250918,406
0,1,1,1,0,0,0,20250916,20250918,865
0,1,1,1,0,0,0,20250916,20250923,705
0,1,1,1,0,0,0,20250923,20250925,619
0,1,1,1,0,0,0,20250923,20250925,974
0,1,1,1,0,0,0,20250923,20250930,144
0,1,1,1,0,0,0,20250924,20251002,1008
0,1,1,1,0,0,0,20250929,20251009,68
0,1,1,1,0,0,0,20250930,20251002,479
0,1,1,1,0,0,0,20250930,20251002,480
0,1,1,1,0,0,0,20250930,20251002,527
0,1,1,1,0,0,0,20250930,20251002,57
0,1,1,1,0,0,0,20251002,20251008,678
0,1,1,1,0,0,0,20251007,20251009,745
0,1,1,1,0,0,0,20251007,20251014,1087
0,1,1,1,0,0,1,20250914,20251014,536
0,1,1,1,0,0,1,20250916,20250921,824
0,1,1,1,0,0,1,20250916,20251014,118
0,1,1,1,0,0,1,20250924,20251014,114
0,1,1,1,0,0,1,20251005,20251009,172
0,1,1,1,0,1,0,20250916,20250923,375
0,1,1,1,0,1,0,20250916,20250927,587
0,1,1,1,0,1,0,20251007,20251011,729
0,1,1,1,0,1,1,20250914,20250923,796
0,1,1,1,0,1,1,20250914,20251014,395
0,1,1,1,1,0,0,20250915,20250923,894
0,1,1,1,1,0,0,20250916,20250919,734
0,1,1,1,1,0,0,20250916,20250923,301
0,1,1,1,1,0,0,20250916,20250930,841
0,1,1,1,1,0,0,20250916,20251002,71
0,1,1,1,1,0,0,20250916,20251014,577
0,1,1,1,1,0,0,20250916,20251014,719
0,1,1,1,1,0,0,20250917,20250923,275
0,1,1,1,1,0,0,20250917,20250925,247
0,1,1,1,1,0,0,20250923,20250926,828
0,1,1,1,1,0,0,20250923,20251010,439
0,1,1,1,1,0,0,20250924,20251014,990
0,1,1,1,1,0,0,20251001,20251003,337
0,1,1,1,1,0,0,20251001,20251003,995
0,1,1,1,1,0,0,20251006,20251014,394
0,1,1,1,1,0,0,20251007,20251010,256
0,1,1,1,1,0,1,20250914,20250923,1090
0,1,1,1,1,0,1,20250914,20250923,436
0,1,1,1,1,0,1,20250924,20251005,49
0,1,1,1,1,0,1,20250928,20251003,218
0,1,1,1,1,0,1,20250928,20251003,371
0,1,1,1,1,1,0,20250916,20250920,651
0,1,1,1,1,1,0,20250916,20251002,826
0,1,1,1,1,1,0,20251007,20251011,268
0,1,1,1,1,1,0,20251007,20251014,751
0,1,1,1,1,1,1,20250914,20250921,494
0,1,1,1,1,1,1,20250914,20250923,121
0,1,1,1,1,1,1,20250914,20250923,387
0,1,1,1,1,1,1,20250915,20251005,838
0,1,1,1,1,1,1,20250918,20250926,486
0,1,1,1,1,1,1,20250924,20251014,464
0,1,1,1,1,1,1,20250927,20251014,158
0,1,1,1,1,1,1,20250930,20251005,575
0,1,1,1,1,1,1,20251007,20251012,364
1,0,0,0,0,0,0,20250915,20250922,404
1,0,0,0,0,0,0,20250915,20250923,783
1,0,0,0,0,0,0,20250915,20250924,779
1,0,0,0,0,0,0,20250915,20250929,671
1,0,0,0,0,0,0,20250915,20251013,1077
1,0,0,0,0,0,0,20250915,20251013,354
1,0,0,0,0,0,0,20250915,20251013,903
1,0,0,0,0,0,0,20250920,20251003,1076
1,0,0,0,0,0,0,20250929,20251006,768
1,0,0,0,0,0,0,20250929,20251008,1051
1,0,0,0,0,0,0,20250929,20251013,139
1,0,0,0,0,0,0,20251006,20251013,55
1,0,0,0,0,0,0,20251006,20251013,590
1,0,0,0,0,0,0,20251006,20251014,726
1,0,0,0,0,0,1,20250914,20250915,1073
1,0,0,0,0,0,1,20250914,20250915,119
1,0,0,0,0,0,1,20250914,20250915,613
1,0,0,0,0,0,1,20250914,20250915,969
1,0,0,0,0,0,1,20250914,20251013,568
1,0,0,0,0,0,1,20250915,20250921,461
1,0,0,0,0,0,1,20250915,20251010,1078
1,0,0,0,0,0,1,20250921,20250922,1033
1,0,0,0,0,0,1,20250928,20250929,746
1,0,0,0,0,0,1,20251012,20251013,510
1,0,0,0,0,1,0,20250920,20250922,597
1,0,0,0,0,1,0,20250927,20250928,45
1,0,0,0,0,1,0,20250927,20250929,646
1,0,0,0,0,1,1,20250915,20250921,873
1,0,0,0,0,1,1,20250920,20250922,327
1,0,0,0,0,1,1,20251004,20251006,785
1,0,0,0,1,0,0,20250915,20250919,1102
1,0,0,0,1,0,0,20250919,20250922,571
1,0,0,0,1,0,0,20250926,20250929,874
1,0,0,0,1,0,0,20251003,20251006,750
1,0,0,0,1,0,0,20251006,20251010,822
1,0,0,0,1,0,0,20251006,20251013,861
1,0,0,0,1,0,1,20250919,20250922,202
1,0,0,0,1,0,1,20250926,20250929,286
1,0,0,0,1,0,1,20251005,20251013,43
1,0,0,0,1,1,0,20250926,20250929,1023
1,0,0,0,1,1,1,20250926,20251010,169
1,0,0,1,0,0,0,20250915,20250918,752
1,0,0,1,0,0,0,20250925,20251014,146
1,0,0,1,1,0,0,20250915,20250922,858
1,0,0,1,1,0,0,20250922,20250926,1074
1,0,0,1,1,0,0,20250925,20250929,658
1,0,0,1,1,0,1,20250926,20251012,957
1,0,0,1,1,1,1,20250914,20251013,525
1,0,0,1,1,1,1,20250925,20250929,763
1,0,1,0,0,0,0,20250915,20250917,717
1,0,1,0,0,0,0,20250915,20250917,770
1,0,1,0,0,0,0,20250929,20251001,1003
1,0,1,0,0,0,0,20251001,20251013,355
1,0,1,0,0,0,0,20251006,20251008,622
1,0,1,0,0,0,1,20250914,20251001,317
1,0,1,0,0,0,1,20250914,20251001,820
1,0,1,0,0,0,1,20250921,20250924,262
1,0,1,0,0,0,1,20250921,20250924,54
1,0,1,0,1,0,0,20250917,20250930,72
1,0,1,0,1,0,0,20251006,20251013,312
1,0,1,0,1,0,1,20250923,20251014,23
1,0,1,0,1,1,0,20250924,20250929,869
1,0,1,0,1,1,1,20250915,20250922,413
1,0,1,1,0,0,0,20250915,20250922,77
1,0,1,1,0,0,0,20250915,20250925,182
1,0,1,1,0,0,0,20250917,20251014,823
1,0,1,1,0,0,0,20250929,20251002,1030
1,0,1,1,0,0,0,20250929,20251009,693
1,0,1,1,0,0,0,20251001,20251006,291
1,0,1,1,0,0,1,20250914,20250922,609
1,0,1,1,0,0,1,20250915,20250925,679
1,0,1,1,0,1,1,20250924,20250929,1045
1,0,1,1,0,1,1,20251002,20251014,1018
1,0,1,1,1,0,0,20250914,20250926,689
1,0,1,1,1,0,0,20250915,20250926,624
1,0,1,1,1,0,0,20250922,20250926,93
1,0,1,1,1,0,0,20250924,20250929,379
1,0,1,1,1,0,1,20250914,20250926,192
1,0,1,1,1,0,1,20250924,20250929,814
1,0,1,1,1,1,1,20250914,20251013,415
1,0,1,1,1,1,1,20250919,20251014,250
1,0,1,1,1,1,1,20250924,20250929,277
1,1,0,0,0,0,0,20250915,20250916,647
1,1,0,0,0,0,0,20250915,20250916,950
1,1,0,0,0,0,0,20250915,20250923,1084
1,1,0,0,0,0,0,20250915,20250924,438
1,1,0,0,0,0,0,20250916,20250923,975
1,1,0,0,0,0,0,20250922,20250923,1041
1,1,0,0,0,0,0,20250922,20250923,937
1,1,0,0,0,0,0,20250929,20250930,769
1,1,0,0,0,0,0,20250930,20251014,1118
1,1,0,0,0,0,0,20251006,20251007,454
1,1,0,0,0,0,0,20251006,20251013,230
1,1,0,0,0,0,0,20251006,20251014,58
1,1,0,0,0,0,0,20251013,20251014,183
1,1,0,0,0,0,0,20251013,20251014,702
1,1,0,0,0,0,1,20250914,20250916,296
1,1,0,0,0,0,1,20250914,20250916,46
1,1,0,0,0,0,1,20250915,20251014,614
1,1,0,0,0,0,1,20250918,20250928,152
1,1,0,0,0,0,1,20250921,20250923,385
1,1,0,0,0,0,1,20250921,20250930,882
1,1,0,0,0,0,1,20250928,20250930,661
1,1,0,0,0,0,1,20251006,20251014,637
1,1,0,0,0,0,1,20251012,20251014,1122
1,1,0,0,0,0,1,20251012,20251014,546
1,1,0,0,0,0,1,20251012,20251014,748
1,1,0,0,0,1,0,20251004,20251005,273
1,1,0,0,0,1,0,20251007,20251014,610
1,1,0,0,0,1,0,20251011,20251014,235
1,1,0,0,0,1,1,20250920,20250923,369
1,1,0,0,0,1,1,20251011,20251014,682
1,1,0,0,1,0,0,20250925,20251003,108
1,1,0,0,1,0,0,20250925,20251005,617
1,1,0,0,1,0,0,20250926,20250930,287
1,1,0,0,1,0,0,20250929,20251003,876
1,1,0,0,1,0,0,20251010,20251013,866
1,1,0,0,1,0,0,20251010,20251014,443
1,1,0,0,1,0,1,20250919,20250923,730
1,1,0,0,1,0,1,20250926,20250930,850
1,1,0,0,1,0,1,20251010,20251014,612
1,1,0,0,1,1,0,20251003,20251005,128
1,1,0,0,1,1,1,20250919,20250923,388
1,1,0,0,1,1,1,20251010,20251014,478
1,1,0,1,0,0,0,20250915,20251014,537
1,1,0,1,0,0,0,20250925,20250930,652
1,1,0,1,0,0,0,20250930,20251014,1082
1,1,0,1,0,0,0,20251002,20251014,39
1,1,0,1,0,0,0,20251009,20251014,533
1,1,0,1,0,0,1,20250914,20251014,19
1,1,0,1,0,0,1,20251001,20251014,197
1,1,0,1,0,1,1,20250914,20250921,344
1,1,0,1,0,1,1,20251003,20251012,1075
1,1,0,1,1,0,0,20250915,20250923,803
1,1,0,1,1,0,0,20250922,20251014,904
1,1,0,1,1,0,0,20250925,20250930,697
1,1,0,1,1,0,0,20250929,20251014,1109
1,1,0,1,1,0,0,20250929,20251014,758
1,1,0,1,1,0,0,20251006,20251010,320
1,1,0,1,1,0,0,20251009,20251014,724
1,1,0,1,1,0,1,20250914,20251013,921
1,1,0,1,1,0,1,20251009,20251014,1
1,1,0,1,1,1,0,20250925,20250930,1071
1,1,0,1,1,1,0,20251009,20251014,691
1,1,0,1,1,1,1,20250914,20250923,232
1,1,0,1,1,1,1,20250914,20250926,270
1,1,0,1,1,1,1,20250914,20251011,32
1,1,0,1,1,1,1,20250926,20251014,79
1,1,0,1,1,1,1,20251006,20251012,3
1,1,0,1,1,1,1,20251009,20251014,390
1,1,1,0,0,0,0,20250914,20251014,720
1,1,1,0,0,0,0,20250915,20250917,244
1,1,1,0,0,0,0,20250915,20250917,315
1,1,1,0,0,0,0,20250915,20250917,915
1,1,1,0,0,0,0,20250915,20250923,979
1,1,1,0,0,0,0,20250915,20250924,433
1,1,1,0,0,0,0,20250915,20251014,789
1,1,1,0,0,0,0,20250916,20251014,137
1,1,1,0,0,0,0,20250916,20251014,405
1,1,1,0,0,0,0,20250916,20251014,549
1,1,1,0,0,0,0,20250921,20250930,334
1,1,1,0,0,0,0,20250922,20250924,160
1,1,1,0,0,0,0,20250922,20250924,603
1,1,1,0,0,0,0,20250924,20251014,217
1,1,1,0,0,0,0,20250929,20251001,932
1,1,1,0,0,0,0,20250929,20251014,465
1,1,1,0,0,0,0,20250930,20251014,289
1,1,1,0,0,0,0,20251001,20251009,165
1,1,1,0,0,0,0,20251006,20251008,980
1,1,1,0,0,0,0,20251006,20251014,1015
1,1,1,0,0,0,1,20250914,20250917,714
1,1,1,0,0,0,1,20250914,20250917,821
1,1,1,0,0,0,1,20250914,20250924,766
1,1,1,0,0,0,1,20250915,20250930,749
1,1,1,0,0,0,1,20250917,20250928,880
1,1,1,0,0,0,1,20250921,20250924,126
1,1,1,0,0,0,1,20250924,20251014,1048
1,1,1,0,0,0,1,20250929,20251012,562
1,1,1,0,0,0,1,20250929,20251012,739
1,1,1,0,0,1,0,20250915,20251009,787
1,1,1,0,0,1,0,20251006,20251014,926
1,1,1,0,0,1,1,20250915,20250923,910
1,1,1,0,0,1,1,20250926,20251005,111
1,1,1,0,0,1,1,20250927,20251004,1088
1,1,1,0,0,1,1,20251004,20251008,566
1,1,1,0,0,1,1,20251006,20251013,578
1,1,1,0,0,1,1,20251011,20251012,754
1,1,1,0,1,0,0,20250915,20250919,881
1,1,1,0,1,0,0,20250915,20250919,890
1,1,1,0,1,0,0,20250915,20250919,954
1,1,1,0,1,0,0,20250915,20250923,1103
1,1,1,0,1,0,0,20250915,20251003,642
1,1,1,0,1,0,0,20250916,20250925,988
1,1,1,0,1,0,0,20250922,20251014,69
1,1,1,0,1,0,0,20250924,20251014,476
1,1,1,0,1,0,1,20250914,20250928,996
1,1,1,0,1,1,0,20250915,20251014,888
1,1,1,0,1,1,0,20250918,20251013,328
1,1,1,0,1,1,0,20250927,20251004,148
1,1,1,0,1,1,0,20251006,20251013,772
1,1,1,0,1,1,1,20250914,20250923,140
1,1,1,0,1,1,1,20250915,20250923,340
1,1,1,0,1,1,1,20250924,20251014,61
1,1,1,0,1,1,1,20251006,20251012,477
1,1,1,0,1,1,1,20251006,20251013,73
1,1,1,1,0,0,0,20250915,20250918,252
1,1,1,1,0,0,0,20250915,20250922,446
1,1,1,1,0,0,0,20250915,20250923,374
1,1,1,1,0,0,0,20250915,20250924,285
1,1,1,1,0,0,0,20250915,20250925,365
1,1,1,1,0,0,0,20250915,20250925,391
1,1,1,1,0,0,0,20250915,20250930,1009
1,1,1,1,0,0,0,20250915,20250930,781
1,1,1,1,0,0,0,20250915,20251002,1012
1,1,1,1,0,0,0,20250915,20251002,322
1,1,1,1,0,0,0,20250915,20251002,842
1,1,1,1,0,0,0,20250915,20251010,1083
1,1,1,1,0,0,0,20250915,20251014,104
1,1,1,1,0,0,0,20250915,20251014,105
1,1,1,1,0,0,0,20250915,20251014,238
1,1,1,1,0,0,0,20250915,20251014,288
1,1,1,1,0,0,0,20250915,20251014,428
1,1,1,1,0,0,0,20250915,20251014,448
1,1,1,1,0,0,0,20250915,20251014,455
1,1,1,1,0,0,0,20250915,20251014,462
1,1,1,1,0,0,0,20250915,20251014,653
1,1,1,1,0,0,0,20250915,20251014,664
1,1,1,1,0,0,0,20250915,20251014,862
1,1,1,1,0,0,0,20250915,20251014,895
1,1,1,1,0,0,0,20250915,20251014,934
1,1,1,1,0,0,0,20250915,20251014,951
1,1,1,1,0,0,0,20250915,20251014,991
1,1,1,1,0,0,0,20250916,20251014,410
1,1,1,1,0,0,0,20250916,20251014,64
1,1,1,1,0,0,0,20250916,20251014,65
1,1,1,1,0,0,0,20250918,20250925,253
1,1,1,1,0,0,0,20250922,20250925,1104
1,1,1,1,0,0,0,20250922,20250925,274
1,1,1,1,0,0,0,20250922,20251005,530
1,1,1,1,0,0,0,20250922,20251014,135
1,1,1,1,0,0,0,20250922,20251014,846
1,1,1,1,0,0,0,20250924,20250930,444
1,1,1,1,0,0,0,20250924,20251002,88
1,1,1,1,0,0,0,20250924,20251005,976
1,1,1,1,0,0,0,20250924,20251006,906
1,1,1,1,0,0,0,20250924,20251009,33
1,1,1,1,0,0,0,20250924,20251014,184
1,1,1,1,0,0,0,20250924,20251014,460
1,1,1,1,0,0,0,20250924,20251014,495
1,1,1,1,0,0,0,20250926,20251008,811
1,1,1,1,0,0,0,20250929,20251002,236
1,1,1,1,0,0,0,20250929,20251002,496
1,1,1,1,0,0,0,20250929,20251002,558
1,1,1,1,0,0,0,20250929,20251002,929
1,1,1,1,0,0,0,20250929,20251010,777
1,1,1,1,0,0,0,20250929,20251012,918
1,1,1,1,0,0,0,20250929,20251014,514
1,1,1,1,0,0,0,20250929,20251014,531
1,1,1,1,0,0,0,20250929,20251014,710
1,1,1,1,0,0,0,20250929,20251014,986
1,1,1,1,0,0,0,20250930,20251014,528
1,1,1,1,0,0,0,20250930,20251014,94
1,1,1,1,0,0,0,20251001,20251010,473
1,1,1,1,0,0,0,20251001,20251011,335
1,1,1,1,0,0,0,20251001,20251011,835
1,1,1,1,0,0,0,20251001,20251014,193
1,1,1,1,0,0,0,20251001,20251014,209
1,1,1,1,0,0,0,20251001,20251014,240
1,1,1,1,0,0,0,20251001,20251014,675
1,1,1,1,0,0,0,20251001,20251014,844
1,1,1,1,0,0,0,20251006,20251009,955
1,1,1,1,0,0,0,20251006,20251014,324
1,1,1,1,0,0,0,20251008,20251014,1066
1,1,1,1,0,0,0,20251008,20251014,557
1,1,1,1,0,0,1,20250914,20250918,825
1,1,1,1,0,0,1,20250914,20250923,569
1,1,1,1,0,0,1,20250914,20250924,29
1,1,1,1,0,0,1,20250914,20251009,469
1,1,1,1,0,0,1,20250914,20251014,149
1,1,1,1,0,0,1,20250915,20251009,377
1,1,1,1,0,0,1,20250918,20250925,141
1,1,1,1,0,0,1,20250921,20250925,40
1,1,1,1,0,0,1,20250924,20251002,398
1,1,1,1,0,0,1,20250924,20251006,762
1,1,1,1,0,0,1,20250924,20251014,485
1,1,1,1,0,0,1,20250924,20251014,673
1,1,1,1,0,0,1,20250925,20251014,300
1,1,1,1,0,0,1,20250925,20251014,447
1,1,1,1,0,0,1,20250928,20251002,1091
1,1,1,1,0,0,1,20250928,20251002,44
1,1,1,1,0,0,1,20250929,20251012,655
1,1,1,1,0,0,1,20251001,20251008,1100
1,1,1,1,0,0,1,20251001,20251014,325
1,1,1,1,0,0,1,20251005,20251009,911
1,1,1,1,0,0,1,20251006,20251014,698
1,1,1,1,0,1,0,20250915,20250929,728
1,1,1,1,0,1,0,20250915,20251002,792
1,1,1,1,0,1,0,20250915,20251002,854
1,1,1,1,0,1,0,20250915,20251004,867
1,1,1,1,0,1,0,20250927,20251004,389
1,1,1,1,0,1,0,20250927,20251005,483
1,1,1,1,0,1,0,20250927,20251011,198
1,1,1,1,0,1,0,20251001,20251012,554
1,1,1,1,0,1,0,20251001,20251014,481
1,1,1,1,0,1,0,20251006,20251014,174
1,1,1,1,0,1,1,20250914,20251004,1019
1,1,1,1,0,1,1,20250914,20251005,82
1,1,1,1,0,1,1,20250914,20251012,591
1,1,1,1,0,1,1,20250914,20251014,798
1,1,1,1,0,1,1,20250915,20250928,56
1,1,1,1,0,1,1,20250915,20251004,1089
1,1,1,1,0,1,1,20250915,20251014,352
1,1,1,1,0,1,1,20250917,20250923,362
1,1,1,1,0,1,1,20250917,20251014,616
1,1,1,1,0,1,1,20250920,20250925,1080
1,1,1,1,0,1,1,20250920,20251005,615
1,1,1,1,0,1,1,20250920,20251009,1092
1,1,1,1,0,1,1,20250921,20250928,258
1,1,1,1,0,1,1,20250924,20251005,265
1,1,1,1,0,1,1,20250925,20251014,4
1,1,1,1,0,1,1,20250927,20251004,474
1,1,1,1,0,1,1,20250929,20251012,1108
1,1,1,1,0,1,1,20250929,20251014,515
1,1,1,1,0,1,1,20251001,20251013,213
1,1,1,1,0,1,1,20251001,20251014,716
1,1,1,1,0,1,1,20251001,20251014,922
1,1,1,1,0,1,1,20251002,20251012,1053
1,1,1,1,0,1,1,20251002,20251014,654
1,1,1,1,0,1,1,20251002,20251014,848
1,1,1,1,0,1,1,20251006,20251012,878
1,1,1,1,0,1,1,20251006,20251014,85
1,1,1,1,1,0,0,20250914,20250923,38
1,1,1,1,1,0,0,20250914,20251002,201
1,1,1,1,1,0,0,20250914,20251002,863
1,1,1,1,1,0,0,20250914,20251014,1063
1,1,1,1,1,0,0,20250914,20251014,109
1,1,1,1,1,0,0,20250914,20251014,649
1,1,1,1,1,0,0,20250914,20251014,696
1,1,1,1,1,0,0,20250914,20251014,963
1,1,1,1,1,0,0,20250915,20250919,1119
1,1,1,1,1,0,0,20250915,20250919,307
1,1,1,1,1,0,0,20250915,20250919,420
1,1,1,1,1,0,0,20250915,20250919,633
1,1,1,1,1,0,0,20250915,20250919,670
1,1,1,1,1,0,0,20250915,20250919,757
1,1,1,1,1,0,0,20250915,20250919,831
1,1,1,1,1,0,0,20250915,20250919,977
1,1,1,1,1,0,0,20250915,20250922,424
1,1,1,1,1,0,0,20250915,20250923,179
1,1,1,1,1,0,0,20250915,20250924,592
1,1,1,1,1,0,0,20250915,20250925,740
1,1,1,1,1,0,0,20250915,20250926,1017
1,1,1,1,1,0,0,20250915,20250926,47
1,1,1,1,1,0,0,20250915,20250928,491
1,1,1,1,1,0,0,20250915,20250930,588
1,1,1,1,1,0,0,20250915,20250930,605
1,1,1,1,1,0,0,20250915,20250930,686
1,1,1,1,1,0,0,20250915,20250930,711
1,1,1,1,1,0,0,20250915,20251002,1046
1,1,1,1,1,0,0,20250915,20251002,1110
1,1,1,1,1,0,0,20250915,20251002,125
1,1,1,1,1,0,0,20250915,20251002,466
1,1,1,1,1,0,0,20250915,20251002,538
1,1,1,1,1,0,0,20250915,20251002,699
1,1,1,1,1,0,0,20250915,20251002,872
1,1,1,1,1,0,0,20250915,20251003,471
1,1,1,1,1,0,0,20250915,20251003,482
1,1,1,1,1,0,0,20250915,20251003,589
1,1,1,1,1,0,0,20250915,20251003,771
1,1,1,1,1,0,0,20250915,20251005,981
1,1,1,1,1,0,0,20250915,20251010,542
1,1,1,1,1,0,0,20250915,20251010,70
1,1,1,1,1,0,0,20250915,20251012,899
1,1,1,1,1,0,0,20250915,20251014,1006
1,1,1,1,1,0,0,20250915,20251014,1010
1,1,1,1,1,0,0,20250915,20251014,1016
1,1,1,1,1,0,0,20250915,20251014,1049
1,1,1,1,1,0,0,20250915,20251014,1099
1,1,1,1,1,0,0,20250915,20251014,112
1,1,1,1,1,0,0,20250915,20251014,164
1,1,1,1,1,0,0,20250915,20251014,20
1,1,1,1,1,0,0,20250915,20251014,204
1,1,1,1,1,0,0,20250915,20251014,219
1,1,1,1,1,0,0,20250915,20251014,226
1,1,1,1,1,0,0,20250915,20251014,282
1,1,1,1,1,0,0,20250915,20251014,298
1,1,1,1,1,0,0,20250915,20251014,333
1,1,1,1,1,0,0,20250915,20251014,35
1,1,1,1,1,0,0,20250915,20251014,421
1,1,1,1,1,0,0,20250915,20251014,451
1,1,1,1,1,0,0,20250915,20251014,456
1,1,1,1,1,0,0,20250915,20251014,488
1,1,1,1,1,0,0,20250915,20251014,517
1,1,1,1,1,0,0,20250915,20251014,625
1,1,1,1,1,0,0,20250915,20251014,663
1,1,1,1,1,0,0,20250915,20251014,665
1,1,1,1,1,0,0,20250915,20251014,732
1,1,1,1,1,0,0,20250915,20251014,742
1,1,1,1,1,0,0,20250915,20251014,759
1,1,1,1,1,0,0,20250915,20251014,790
1,1,1,1,1,0,0,20250915,20251014,86
1,1,1,1,1,0,0,20250915,20251014,95
1,1,1,1,1,0,0,20250915,20251014,959
1,1,1,1,1,0,0,20250915,20251014,99
1,1,1,1,1,0,0,20250915,20251014,997
1,1,1,1,1,0,0,20250916,20250923,416
1,1,1,1,1,0,0,20250916,20250924,851
1,1,1,1,1,0,0,20250916,20250930,596
1,1,1,1,1,0,0,20250916,20251002,573
1,1,1,1,1,0,0,20250916,20251014,136
1,1,1,1,1,0,0,20250916,20251014,269
1,1,1,1,1,0,0,20250916,20251014,326
1,1,1,1,1,0,0,20250916,20251014,521
1,1,1,1,1,0,0,20250916,20251014,731
1,1,1,1,1,0,0,20250917,20250930,153
1,1,1,1,1,0,0,20250917,20251002,1054
1,1,1,1,1,0,0,20250917,20251014,502
1,1,1,1,1,0,0,20250917,20251014,916
1,1,1,1,1,0,0,20250918,20251010,145
1,1,1,1,1,0,0,20250919,20250926,445
1,1,1,1,1,0,0,20250919,20251002,508
1,1,1,1,1,0,0,20250921,20251014,449
1,1,1,1,1,0,0,20250922,20250926,51
1,1,1,1,1,0,0,20250922,20250926,62
1,1,1,1,1,0,0,20250922,20250930,161
1,1,1,1,1,0,0,20250922,20250930,628
1,1,1,1,1,0,0,20250922,20251001,818
1,1,1,1,1,0,0,20250922,20251002,700
1,1,1,1,1,0,0,20250922,20251013,50
1,1,1,1,1,0,0,20250922,20251014,1112
1,1,1,1,1,0,0,20250922,20251014,205
1,1,1,1,1,0,0,20250924,20250930,776
1,1,1,1,1,0,0,20250924,20251002,106
1,1,1,1,1,0,0,20250924,20251013,680
1,1,1,1,1,0,0,20250924,20251013,998
1,1,1,1,1,0,0,20250924,20251014,185
1,1,1,1,1,0,0,20250924,20251014,220
1,1,1,1,1,0,0,20250924,20251014,251
1,1,1,1,1,0,0,20250924,20251014,396
1,1,1,1,1,0,0,20250924,20251014,440
1,1,1,1,1,0,0,20250924,20251014,552
1,1,1,1,1,0,0,20250924,20251014,877
1,1,1,1,1,0,0,20250924,20251014,96
1,1,1,1,1,0,0,20250925,20251014,414
1,1,1,1,1,0,0,20250926,20251014,690
1,1,1,1,1,0,0,20250929,20251003,115
1,1,1,1,1,0,0,20250929,20251003,349
1,1,1,1,1,0,0,20250929,20251011,964
1,1,1,1,1,0,0,20250929,20251012,526
1,1,1,1,1,0,0,20250929,20251014,386
1,1,1,1,1,0,0,20250929,20251014,563
1,1,1,1,1,0,0,20250930,20251014,321
1,1,1,1,1,0,0,20251006,20251010,817
1,1,1,1,1,0,0,20251006,20251013,392
1,1,1,1,1,0,0,20251006,20251014,318
1,1,1,1,1,0,0,20251006,20251014,635
1,1,1,1,1,0,0,20251008,20251014,366
1,1,1,1,1,0,0,20251008,20251014,599
1,1,1,1,1,0,0,20251008,20251014,659
1,1,1,1,1,0,0,20251008,20251014,780
1,1,1,1,1,0,0,20251008,20251014,794
1,1,1,1,1,0,1,20250914,20250919,131
1,1,1,1,1,0,1,20250914,20250919,195
1,1,1,1,1,0,1,20250914,20250919,467
1,1,1,1,1,0,1,20250914,20250919,666
1,1,1,1,1,0,1,20250914,20250919,694
1,1,1,1,1,0,1,20250914,20250919,948
1,1,1,1,1,0,1,20250914,20250921,1115
1,1,1,1,1,0,1,20250914,20250923,487
1,1,1,1,1,0,1,20250914,20250926,330
1,1,1,1,1,0,1,20250914,20250926,644
1,1,1,1,1,0,1,20250914,20250926,684
1,1,1,1,1,0,1,20250914,20250928,267
1,1,1,1,1,0,1,20250914,20250930,544
1,1,1,1,1,0,1,20250914,20250930,721
1,1,1,1,1,0,1,20250914,20251003,266
1,1,1,1,1,0,1,20250914,20251003,323
1,1,1,1,1,0,1,20250914,20251003,559
1,1,1,1,1,0,1,20250914,20251003,606
1,1,1,1,1,0,1,20250914,20251003,718
1,1,1,1,1,0,1,20250914,20251005,278
1,1,1,1,1,0,1,20250914,20251006,166
1,1,1,1,1,0,1,20250914,20251009,304
1,1,1,1,1,0,1,20250914,20251010,607
1,1,1,1,1,0,1,20250914,20251012,59
1,1,1,1,1,0,1,20250914,20251012,852
1,1,1,1,1,0,1,20250914,20251013,154
1,1,1,1,1,0,1,20250914,20251014,1013
1,1,1,1,1,0,1,20250914,20251014,1106
1,1,1,1,1,0,1,20250914,20251014,16
1,1,1,1,1,0,1,20250914,20251014,206
1,1,1,1,1,0,1,20250914,20251014,212
1,1,1,1,1,0,1,20250914,20251014,222
1,1,1,1,1,0,1,20250914,20251014,254
1,1,1,1,1,0,1,20250914,20251014,338
1,1,1,1,1,0,1,20250914,20251014,384
1,1,1,1,1,0,1,20250914,20251014,399
1,1,1,1,1,0,1,20250914,20251014,434
1,1,1,1,1,0,1,20250914,20251014,574
1,1,1,1,1,0,1,20250914,20251014,656
1,1,1,1,1,0,1,20250914,20251014,677
1,1,1,1,1,0,1,20250914,20251014,727
1,1,1,1,1,0,1,20250914,20251014,733
1,1,1,1,1,0,1,20250914,20251014,827
1,1,1,1,1,0,1,20250914,20251014,965
1,1,1,1,1,0,1,20250915,20250923,972
1,1,1,1,1,0,1,20250915,20251002,180
1,1,1,1,1,0,1,20250915,20251014,260
1,1,1,1,1,0,1,20250915,20251014,545
1,1,1,1,1,0,1,20250915,20251014,685
1,1,1,1,1,0,1,20250915,20251014,930
1,1,1,1,1,0,1,20250915,20251014,943
1,1,1,1,1,0,1,20250917,20250923,586
1,1,1,1,1,0,1,20250921,20250926,147
1,1,1,1,1,0,1,20250921,20250926,329
1,1,1,1,1,0,1,20250921,20250926,623
1,1,1,1,1,0,1,20250924,20250930,203
1,1,1,1,1,0,1,20250924,20251002,245
1,1,1,1,1,0,1,20250924,20251014,116
1,1,1,1,1,0,1,20250924,20251014,159
1,1,1,1,1,0,1,20250924,20251014,331
1,1,1,1,1,0,1,20250924,20251014,76
1,1,1,1,1,0,1,20250924,20251014,89
1,1,1,1,1,0,1,20250928,20251013,27
1,1,1,1,1,0,1,20250929,20251005,458
1,1,1,1,1,0,1,20250929,20251014,629
1,1,1,1,1,0,1,20250929,20251014,98
1,1,1,1,1,0,1,20250930,20251014,667
1,1,1,1,1,0,1,20251005,20251010,870
1,1,1,1,1,0,1,20251006,20251014,489
1,1,1,1,1,1,0,20250914,20251014,1072
1,1,1,1,1,1,0,20250915,20250920,912
1,1,1,1,1,1,0,20250915,20250923,833
1,1,1,1,1,1,0,20250915,20250926,30
1,1,1,1,1,1,0,20250915,20250927,493
1,1,1,1,1,1,0,20250915,20251002,211
1,1,1,1,1,1,0,20250915,20251004,939
1,1,1,1,1,1,0,20250915,20251005,380
1,1,1,1,1,1,0,20250915,20251008,21
1,1,1,1,1,1,0,20250915,20251008,627
1,1,1,1,1,1,0,20250915,20251011,497
1,1,1,1,1,1,0,20250915,20251014,12
1,1,1,1,1,1,0,20250915,20251014,311
1,1,1,1,1,1,0,20250915,20251014,343
1,1,1,1,1,1,0,20250915,20251014,400
1,1,1,1,1,1,0,20250915,20251014,5
1,1,1,1,1,1,0,20250915,20251014,534
1,1,1,1,1,1,0,20250915,20251014,715
1,1,1,1,1,1,0,20250915,20251014,747
1,1,1,1,1,1,0,20250915,20251014,78
1,1,1,1,1,1,0,20250915,20251014,87
1,1,1,1,1,1,0,20250915,20251014,978
1,1,1,1,1,1,0,20250916,20250923,1042
1,1,1,1,1,1,0,20250916,20251008,1085
1,1,1,1,1,1,0,20250916,20251010,370
1,1,1,1,1,1,0,20250916,20251014,583
1,1,1,1,1,1,0,20250916,20251014,774
1,1,1,1,1,1,0,20250920,20250926,853
1,1,1,1,1,1,0,20250920,20251014,302
1,1,1,1,1,1,0,20250920,20251014,429
1,1,1,1,1,1,0,20250922,20250927,498
1,1,1,1,1,1,0,20250922,20251011,1096
1,1,1,1,1,1,0,20250924,20250930,280
1,1,1,1,1,1,0,20250924,20251002,132
1,1,1,1,1,1,0,20250924,20251014,1120
1,1,1,1,1,1,0,20250924,20251014,155
1,1,1,1,1,1,0,20250924,20251014,283
1,1,1,1,1,1,0,20250924,20251014,784
1,1,1,1,1,1,0,20250924,20251014,905
1,1,1,1,1,1,0,20250925,20251014,1061
1,1,1,1,1,1,0,20250927,20251012,499
1,1,1,1,1,1,0,20250927,20251014,341
1,1,1,1,1,1,0,20250929,20251012,547
1,1,1,1,1,1,0,20250929,20251014,100
1,1,1,1,1,1,0,20250930,20251009,299
1,1,1,1,1,1,0,20251004,20251010,138
1,1,1,1,1,1,0,20251004,20251014,284
1,1,1,1,1,1,0,20251006,20251011,819
1,1,1,1,1,1,0,20251006,20251014,604
1,1,1,1,1,1,0,20251008,20251012,463
1,1,1,1,1,1,0,20251008,20251014,271
1,1,1,1,1,1,0,20251008,20251014,829
1,1,1,1,1,1,0,20251008,20251014,900
1,1,1,1,1,1,0,20251009,20251014,1097
1,1,1,1,1,1,1,20250914,20250920,60
1,1,1,1,1,1,1,20250914,20250921,845
1,1,1,1,1,1,1,20250914,20250922,843
1,1,1,1,1,1,1,20250914,20250923,989
1,1,1,1,1,1,1,20250914,20250924,518
1,1,1,1,1,1,1,20250914,20250927,422
1,1,1,1,1,1,1,20250914,20250928,692
1,1,1,1,1,1,1,20250914,20250929,804
1,1,1,1,1,1,1,20250914,20251004,1081
1,1,1,1,1,1,1,20250914,20251004,310
1,1,1,1,1,1,1,20250914,20251004,504
1,1,1,1,1,1,1,20250914,20251004,676
1,1,1,1,1,1,1,20250914,20251004,891
1,1,1,1,1,1,1,20250914,20251005,1116
1,1,1,1,1,1,1,20250914,20251005,490
1,1,1,1,1,1,1,20250914,20251005,725
1,1,1,1,1,1,1,20250914,20251006,1026
1,1,1,1,1,1,1,20250914,20251009,14
1,1,1,1,1,1,1,20250914,20251010,248
1,1,1,1,1,1,1,20250914,20251013,381
1,1,1,1,1,1,1,20250914,20251014,1027
1,1,1,1,1,1,1,20250914,20251014,1043
1,1,1,1,1,1,1,20250914,20251014,1079
1,1,1,1,1,1,1,20250914,20251014,1105
1,1,1,1,1,1,1,20250914,20251014,199
1,1,1,1,1,1,1,20250914,20251014,259
1,1,1,1,1,1,1,20250914,20251014,261
1,1,1,1,1,1,1,20250914,20251014,263
1,1,1,1,1,1,1,20250914,20251014,411
1,1,1,1,1,1,1,20250914,20251014,432
1,1,1,1,1,1,1,20250914,20251014,501
1,1,1,1,1,1,1,20250914,20251014,600
1,1,1,1,1,1,1,20250914,20251014,7
1,1,1,1,1,1,1,20250914,20251014,703
1,1,1,1,1,1,1,20250914,20251014,788
1,1,1,1,1,1,1,20250914,20251014,808
1,1,1,1,1,1,1,20250914,20251014,834
1,1,1,1,1,1,1,20250914,20251014,857
1,1,1,1,1,1,1,20250914,20251014,871
1,1,1,1,1,1,1,20250914,20251014,883
1,1,1,1,1,1,1,20250914,20251014,91
1,1,1,1,1,1,1,20250914,20251014,938
1,1,1,1,1,1,1,20250914,20251014,940
1,1,1,1,1,1,1,20250914,20251014,946
1,1,1,1,1,1,1,20250914,20251014,952
1,1,1,1,1,1,1,20250914,20251014,982
1,1,1,1,1,1,1,20250915,20250921,194
1,1,1,1,1,1,1,20250915,20250922,755
1,1,1,1,1,1,1,20250915,20250923,593
1,1,1,1,1,1,1,20250915,20250930,830
1,1,1,1,1,1,1,20250915,20251002,1022
1,1,1,1,1,1,1,20250915,20251003,994
1,1,1,1,1,1,1,20250915,20251014,1069
1,1,1,1,1,1,1,20250915,20251014,2
1,1,1,1,1,1,1,20250915,20251014,22
1,1,1,1,1,1,1,20250915,20251014,309
1,1,1,1,1,1,1,20250915,20251014,37
1,1,1,1,1,1,1,20250915,20251014,704
1,1,1,1,1,1,1,20250915,20251014,892
1,1,1,1,1,1,1,20250916,20250923,363
1,1,1,1,1,1,1,20250916,20250926,316
1,1,1,1,1,1,1,20250916,20251002,503
1,1,1,1,1,1,1,20250916,20251008,737
1,1,1,1,1,1,1,20250916,20251009,773
1,1,1,1,1,1,1,20250916,20251014,150
1,1,1,1,1,1,1,20250916,20251014,171
1,1,1,1,1,1,1,20250917,20250923,214
1,1,1,1,1,1,1,20250917,20251003,470
1,1,1,1,1,1,1,20250918,20250926,8
1,1,1,1,1,1,1,20250918,20251014,210
1,1,1,1,1,1,1,20250919,20251003,907
1,1,1,1,1,1,1,20250920,20250926,142
1,1,1,1,1,1,1,20250920,20251005,859
1,1,1,1,1,1,1,20250920,20251014,25
1,1,1,1,1,1,1,20250920,20251014,356
1,1,1,1,1,1,1,20250920,20251014,468
1,1,1,1,1,1,1,20250920,20251014,645
1,1,1,1,1,1,1,20250920,20251014,66
1,1,1,1,1,1,1,20250920,20251014,815
1,1,1,1,1,1,1,20250920,20251014,90
1,1,1,1,1,1,1,20250920,20251014,908
1,1,1,1,1,1,1,20250921,20251014,643
1,1,1,1,1,1,1,20250921,20251014,864
1,1,1,1,1,1,1,20250922,20251008,215
1,1,1,1,1,1,1,20250924,20250930,529
1,1,1,1,1,1,1,20250924,20251001,812
1,1,1,1,1,1,1,20250924,20251002,1055
1,1,1,1,1,1,1,20250924,20251005,512
1,1,1,1,1,1,1,20250924,20251010,418
1,1,1,1,1,1,1,20250924,20251014,1029
1,1,1,1,1,1,1,20250924,20251014,1101
1,1,1,1,1,1,1,20250924,20251014,17
1,1,1,1,1,1,1,20250924,20251014,190
1,1,1,1,1,1,1,20250924,20251014,294
1,1,1,1,1,1,1,20250924,20251014,426
1,1,1,1,1,1,1,20250924,20251014,437
1,1,1,1,1,1,1,20250924,20251014,553
1,1,1,1,1,1,1,20250924,20251014,618
1,1,1,1,1,1,1,20250924,20251014,884
1,1,1,1,1,1,1,20250924,20251014,885
1,1,1,1,1,1,1,20250924,20251014,983
1,1,1,1,1,1,1,20250925,20251010,281
1,1,1,1,1,1,1,20250925,20251014,346
1,1,1,1,1,1,1,20250925,20251014,539
1,1,1,1,1,1,1,20250926,20251002,41
1,1,1,1,1,1,1,20250926,20251014,1067
1,1,1,1,1,1,1,20250927,20251005,276
1,1,1,1,1,1,1,20250927,20251014,555
1,1,1,1,1,1,1,20250928,20251014,944
1,1,1,1,1,1,1,20250929,20251014,524
1,1,1,1,1,1,1,20250930,20251010,110
1,1,1,1,1,1,1,20250930,20251014,576
1,1,1,1,1,1,1,20251001,20251014,879
1,1,1,1,1,1,1,20251001,20251014,993
1,1,1,1,1,1,1,20251002,20251014,103
1,1,1,1,1,1,1,20251002,20251014,441
1,1,1,1,1,1,1,20251004,20251010,970
1,1,1,1,1,1,1,20251004,20251014,505
1,1,1,1,1,1,1,20251005,20251011,107
1,1,1,1,1,1,1,20251005,20251012,1093
1,1,1,1,1,1,1,20251005,20251014,117
1,1,1,1,1,1,1,20251005,20251014,662
1,1,1,1,1,1,1,20251005,20251014,735
1,1,1,1,1,1,1,20251005,20251014,743
1,1,1,1,1,1,1,20251006,20251014,295
1,1,1,1,1,1,1,20251007,20251014,543
