route_id,service_id,trip_id
1,1006,401520
1,1034,149544
1,1034,265140
1,1039,1321263
1,1063,1393503
1,1084,1285120
1,1099,1111185
1,1114,424927
1,115,1580142
1,115,847652
1,115,968739
1,115,973755
1,154,1548907
1,179,376724
1,200,813464
1,207,381050
1,226,302356
1,233,222072
1,236,1345033
1,236,281559
1,236,689171
1,278,703479
1,361,1345491
1,361,629996
1,361,982463
1,408,592508
1,431,538296
1,448,1585310
1,448,294354
1,458,1198339
1,458,1605840
1,458,365139
1,458,658523
1,458,77711
1,489,584894
1,53,847501
1,595,442453
1,620,849104
1,626,889311
1,64,871753
1,649,155251
1,659,760315
1,660,1261614
1,660,1379587
1,660,146766
1,660,503834
1,669,146449
1,669,253154
1,70,349269
1,702,237818
1,702,843946
1,810,1079895
1,810,1614326
1,810,513562
1,829,880966
1,83,1277305
1,83,1302042
1,83,1441422
1,83,1479000
1,83,321248
1,83,63038
1,83,674330
1,83,693475
1,83,732578
1,852,424401
1,927,1419048
1,927,50021
1,949,747784
1,953,739586
1,962,855171
1,971,1066778
1,971,1248554
1,971,1270974
1,971,1405748
1,971,241431
1,971,300671
1,971,636980
1,971,712143
10,1010,165494
10,1010,248145
10,1074,32010
10,1074,873370
10,15,1038546
10,15,1200805
10,15,1267321
10,15,1490475
10,15,229770
10,15,378722
10,15,465734
10,15,969572
10,194,1444763
10,194,1457189
10,194,566581
10,194,763614
10,51,1006528
10,51,1312582
10,515,109748
10,515,1522504
10,515,602299
10,515,663007
10,564,1393576
10,564,387287
10,782,491832
10,782,628411
10,83,1128891
10,83,1305496
10,83,439396
10,83,92956
10,91,1027929
10,91,884488
10,971,1140047
10,971,1479460
10,971,274393
10,971,447493
11,1025,1412396
11,1031,1360030
11,1031,1525204
11,1031,191958
11,1031,201472
11,1031,236390
11,1031,313702
11,1031,319685
11,1031,340083
11,1031,440633
11,1031,85690
11,1031,90872
11,1034,63237
11,1035,1136979
11,1073,951269
11,1102,269959
11,1110,1244771
11,1110,981519
11,1113,1419330
11,146,1085112
11,15,1585450
11,196,1378108
11,229,1606197
11,229,773432
11,24,1536579
11,256,1120549
11,256,1141054
11,256,1165644
11,256,1569679
11,256,312131
11,256,361363
11,256,403871
11,256,605382
11,256,937106
11,257,1342662
11,26,1334270
11,266,45761
11,266,495370
11,274,1077233
11,274,1235114
11,274,196350
11,274,221891
11,279,805103
11,29,1567269
11,337,152018
11,337,187089
11,352,832473
11,371,349765
11,376,1021943
11,376,1423220
11,376,1510247
11,376,860415
11,376,901159
11,376,960586
11,376,970869
11,402,955396
11,471,1112164
11,51,1211936
11,51,963
11,53,347982
11,53,721477
11,570,886770
11,577,1398659
11,595,1165075
11,595,368694
11,595,413496
11,606,660454
11,636,1103072
11,636,1190200
11,636,1387772
11,636,1417403
11,636,1545393
11,636,1589017
11,636,172179
11,636,292714
11,636,329410
11,636,447868
11,636,597402
11,636,710408
11,639,1234787
11,660,1242929
11,678,125997
11,683,707207
11,69,124328
11,713,1536086
11,713,74402
11,734,1554280
11,74,611475
11,745,204093
11,771,984107
11,782,1050207
11,785,757804
11,824,98598
11,828,232276
11,832,566853
11,84,1360207
11,84,1383764
11,84,1426157
11,881,1215169
11,9,13192
11,913,1195242
11,917,1077035
11,917,709054
11,931,1556074
11,931,721587
11,949,288895
11,949,415188
11,953,524627
11,960,94407
11,962,435364
11,962,719263
11,962,958675
11,969,744822
11,969,949466
11,971,261957
11,971,822129
11,974,520077
11,984,963829
11,986,1330393
12,1010,789135
12,1031,1249539
12,209,898471
12,365,1052141
12,378,1614442
12,465,1615244
12,5,238747
12,605,863538
12,7,515403
12,797,1480587
12,797,582935
12,924,493541
13,1034,876831
13,1077,249262
13,15,1190140
13,15,1198468
13,15,1576762
13,15,194627
13,15,287885
13,15,303957
13,15,372332
13,15,849733
13,15,891145
13,15,976694
13,228,1215488
13,228,248119
13,312,1009439
13,395,111433
13,408,1078338
13,428,512682
13,428,548000
13,428,760256
13,430,723751
13,457,1609709
13,509,341472
13,564,1083741
13,564,1477578
13,634,1157590
13,634,1363018
13,634,579397
13,657,597678
13,657,79833
13,699,1062969
13,775,1522070
13,798,1187417
13,798,278744
13,798,630492
13,83,1445596
13,83,1615162
13,83,487919
13,887,453040
13,901,104627
13,901,1098459
13,901,536273
13,934,1025433
13,934,1100054
13,934,1558082
13,934,371551
13,935,503735
13,935,8861
13,951,94623
13,971,1502779
14,1106,541766
14,1106,770184
14,261,1203810
14,411,461211
14,932,501563
14,960,1019572
15,1090,474292
15,127,510438
15,155,690183
15,155,84282
15,159,54258
15,243,1217490
15,419,266522
15,436,1226851
15,49,373909
15,53,1047622
15,687,711741
15,698,151155
15,713,1330876
15,78,860770
15,833,418955
15,833,851939
15,949,114129
15,962,30645
15,983,1508235
15,989,620054
16,441,227446
16,821,1490916
17,123,1131878
17,609,237529
17,84,234675
18,129,124568
18,129,1549009
18,179,1150085
18,179,1215424
18,179,198752
18,179,274436
18,179,436969
18,179,984305
18,217,637594
18,237,785485
18,272,141806
18,272,324272
18,279,124700
18,301,183363
18,34,1050901
18,340,1535394
18,344,1345574
18,347,467555
18,347,974578
18,361,1392893
18,374,109139
18,376,1015199
18,376,1650518
18,376,363825
18,404,1030689
18,408,1119009
18,413,1479144
18,42,1097938
18,42,1578609
18,541,1289163
18,593,207230
18,593,229362
18,593,600465
18,631,1506710
18,640,38250
18,713,1368690
18,810,13565
18,810,1519993
18,84,466040
18,84,744324
18,923,1039886
18,96,179970
18,962,1108617
18,971,1058756
18,971,1416011
18,971,197580
18,971,204127
18,971,276552
18,971,410394
18,971,582243
18,971,641944
18,989,1529134
18,989,560741
19,12,1046320
19,165,703678
19,179,1345617
19,233,186803
19,235,926246
19,235,984830
19,242,663173
19,299,1653510
19,37,838205
19,376,420816
19,379,119468
19,416,1460096
19,444,385198
19,553,312463
19,595,1113317
19,595,1291232
19,595,300392
19,595,505837
19,595,560106
19,595,754352
19,672,878702
19,680,891595
19,701,330393
19,707,1089157
19,707,1557269
19,810,1582254
19,850,900565
19,949,118081
19,953,1103120
19,96,1520538
19,969,106103
19,971,656581
19,983,609082
19,989,131107
2,1010,491539
2,1010,889500
2,1031,125220
2,1031,1270413
2,1031,1275524
2,1031,1313290
2,1031,1352433
2,1031,1535457
2,1031,350718
2,1031,45645
2,1031,484311
2,1031,549918
2,1031,570675
2,1031,857580
2,1034,695539
2,1040,1207627
2,1047,758944
2,1059,324580
2,1109,518620
2,118,171270
2,129,1306652
2,15,1467461
2,157,138334
2,179,620995
2,179,871202
2,207,314707
2,23,521394
2,251,101639
2,252,732665
2,263,28516
2,264,194597
2,267,1436173
2,272,1284825
2,272,65232
2,274,761931
2,28,741743
2,305,798376
2,321,1255443
2,321,540139
2,331,697992
2,332,821444
2,342,69250
2,347,1590434
2,350,1197943
2,350,863488
2,361,634261
2,361,999424
2,368,1217494
2,375,821547
2,376,229327
2,376,794986
2,376,944964
2,404,1138210
2,408,1458388
2,408,328049
2,414,646018
2,419,1165399
2,419,84521
2,424,1167152
2,442,689780
2,445,1336029
2,457,283012
2,461,1067748
2,528,5883
2,53,1327048
2,53,1491818
2,534,141331
2,535,1033695
2,541,428820
2,553,1020320
2,563,1031833
2,563,420461
2,570,1337047
2,570,1368950
2,570,363325
2,570,885401
2,573,1483562
2,587,62155
2,593,180616
2,595,104981
2,595,1049859
2,595,1064371
2,595,1194672
2,595,1279014
2,595,1323448
2,595,1538624
2,595,163973
2,595,487061
2,595,518429
2,595,552937
2,595,690880
2,595,812321
2,595,970741
2,595,982808
2,595,984066
2,603,105448
2,636,505163
2,636,929773
2,660,1242435
2,660,206202
2,660,354369
2,663,852043
2,671,462242
2,678,1524290
2,683,102739
2,683,1193704
2,685,1145610
2,685,655581
2,713,350204
2,713,499359
2,713,729952
2,734,1220760
2,74,1029949
2,74,1465185
2,74,1605204
2,764,882955
2,783,510327
2,810,1608682
2,84,1235007
2,84,198922
2,84,751585
2,84,9643
2,840,1236764
2,873,510175
2,910,4223
2,914,252591
2,931,110092
2,941,599689
2,949,1088595
2,949,263450
2,949,337411
2,949,942552
2,953,1057664
2,953,1563622
2,953,167775
2,955,795090
2,956,1445815
2,96,1422240
2,960,70438
2,960,752372
2,960,837152
2,962,616954
2,962,754276
2,962,795816
2,966,1122038
2,971,118066
2,971,1402346
2,971,1417943
2,971,1495683
2,971,1539211
2,971,213637
2,971,236099
2,971,256710
2,971,325110
2,971,435935
2,971,469869
2,971,693319
2,971,703506
2,971,835201
2,971,906563
2,983,1089175
2,984,1284915
2,984,590497
2,989,291854
20,1106,1119177
20,1106,702041
20,261,1021750
20,411,143905
20,932,780667
20,960,364515
21,1014,271119
21,1031,1617305
21,1031,214236
21,1031,494550
21,1031,622972
21,1031,984037
21,1080,1260590
21,1080,1537410
21,1080,451195
21,1080,580892
21,1080,605930
21,1080,746001
21,1104,1071263
21,1122,211586
21,467,1235809
21,467,1403095
21,467,688626
21,467,71303
21,467,715267
21,467,871867
21,524,1073825
21,524,1530346
21,524,291090
21,524,331103
21,524,338100
21,524,91089
21,563,28346
21,563,387135
21,563,436045
21,563,575877
21,563,963929
21,647,1537746
21,692,1120463
21,692,655102
21,692,810297
21,692,886205
21,692,898790
21,769,4280
21,955,749105
21,987,1539856
21,999,1027324
22,115,416099
22,140,6488
22,272,257481
22,272,764335
22,272,826719
22,553,1137327
22,555,126723
22,555,1392054
22,555,327270
22,555,357163
22,555,508004
22,555,606374
22,555,753966
22,555,756091
22,555,808706
22,595,1330423
22,595,84522
22,662,781781
22,821,1171327
22,821,537577
22,825,1355216
22,825,1373664
22,825,145884
22,825,225981
22,825,32279
22,825,499384
22,825,562033
22,825,98107
22,969,1206752
22,971,138504
22,983,960157
22,989,558076
23,135,509599
23,15,1027735
23,15,15149
23,15,1586444
23,15,281470
23,15,313754
23,15,444759
23,15,497206
23,15,91913
23,205,520411
23,205,616852
23,25,166123
23,25,520436
23,25,566026
23,25,815797
23,287,1122269
23,295,105499
23,372,972638
23,372,975843
23,615,232145
23,633,1173607
23,633,1501552
23,633,263076
23,633,326983
23,633,664909
23,898,1424944
23,898,1595196
23,898,916781
23,948,678238
23,971,1149738
23,971,1407793
23,971,338338
23,971,431955
23,971,513696
23,971,806778
23,971,831578
24,1042,1275044
24,121,1094440
24,121,1414231
24,121,1598370
24,121,684463
24,155,463371
24,207,925240
24,261,1405758
24,261,1648308
24,261,267605
24,261,503982
24,261,844901
24,277,1155419
24,277,1506796
24,277,994446
24,434,1557242
24,487,1427076
24,53,332574
24,53,337181
24,53,490302
24,53,710586
24,53,927226
24,576,291430
24,576,536053
24,576,856445
24,667,1161620
24,78,647125
24,814,851856
24,949,1390445
24,983,1059621
24,983,1266563
24,989,1086727
25,1031,1469208
25,7,652372
26,15,1138672
26,15,786582
26,449,1087417
26,643,272852
26,855,694877
26,912,817137
26,912,994487
26,971,471137
26,971,82055
27,1010,137373
27,1025,1434087
27,1034,948569
27,1038,884475
27,1041,1471375
27,1067,978664
27,1100,1572989
27,1120,1003031
27,1121,465
27,129,200245
27,13,1612440
27,130,23144
27,15,193874
27,157,1479180
27,157,513489
27,179,1394392
27,179,1596652
27,179,212256
27,197,31574
27,202,1563590
27,207,1224363
27,207,649002
27,236,369938
27,272,1366713
27,272,445794
27,295,66621
27,295,706773
27,31,905975
27,347,39577
27,360,1400718
27,361,1168188
27,376,215713
27,385,1381162
27,393,426385
27,408,1155034
27,419,798209
27,42,531361
27,457,699744
27,487,1007303
27,533,1221444
27,541,142219
27,541,1573682
27,541,1584924
27,541,951434
27,570,1079083
27,570,591486
27,595,1534862
27,595,1652706
27,601,1224665
27,633,1652742
27,634,1464505
27,660,1245664
27,661,453059
27,713,355081
27,75,1386069
27,75,624905
27,799,1481238
27,799,570753
27,821,1026734
27,833,1135978
27,84,1141195
27,84,1189673
27,84,1214351
27,84,424918
27,84,912700
27,840,654753
27,872,1323097
27,89,1294437
27,915,876085
27,949,1597427
27,96,1469839
27,96,169536
27,96,549847
27,971,39730
27,971,694638
27,983,1016617
27,983,1100761
27,983,1364188
27,983,1571123
27,983,222833
27,983,554134
27,983,628440
27,983,776402
27,983,879001
27,984,166783
27,989,1088674
27,989,1134800
27,989,1262336
27,989,1409313
27,989,1499935
27,989,1515757
27,989,509315
27,989,766732
27,989,825128
27,989,909498
28,125,262030
28,20,401694
28,443,1401997
28,955,408554
29,1,463796
29,1031,101056
29,1034,374458
29,1085,942316
29,1122,1586160
29,152,1555976
29,172,1260903
29,186,1033298
29,21,32519
29,223,507295
29,361,666906
29,390,1180846
29,390,1203691
29,390,129705
29,390,1311052
29,390,142805
29,390,55380
29,390,564033
29,390,78566
29,390,90181
29,390,905898
29,454,119393
29,470,806579
29,482,464227
29,505,287986
29,53,1298452
29,566,1002898
29,566,1155896
29,566,1264973
29,566,1490033
29,566,154217
29,566,2870
29,566,313928
29,566,356925
29,566,3932
29,566,582429
29,566,649003
29,630,1100292
29,636,1013542
29,647,310436
29,647,67933
29,650,657897
29,691,1190912
29,691,25781
29,702,787053
29,713,55514
29,724,158785
29,769,195761
29,810,1246423
29,821,453892
29,88,1293318
29,907,1067156
29,945,1141633
29,949,1027358
29,966,390545
29,971,1141989
29,971,1220216
29,971,1335647
29,971,177301
29,971,206098
29,971,256162
29,971,261100
29,971,293294
29,971,323438
29,971,343327
29,971,432366
29,971,448724
29,971,809337
29,971,86413
29,980,990611
29,994,1120378
29,994,1202294
29,994,1238302
29,994,1322818
29,994,1340165
29,994,1364303
29,994,1590727
29,994,326247
29,994,633640
29,994,731352
29,994,873416
3,1031,1334909
3,1031,1410482
3,1031,1424428
3,1031,736962
3,1031,905769
3,1037,933886
3,129,1469312
3,15,1096038
3,15,1294620
3,15,1311797
3,15,1428313
3,15,394699
3,157,1136381
3,157,1418500
3,157,786730
3,157,790411
3,190,127505
3,190,1319245
3,190,1472075
3,190,1622119
3,190,257421
3,190,340567
3,190,581685
3,190,599673
3,190,671713
3,194,938442
3,347,291380
3,347,880166
3,350,312896
3,378,1151666
3,440,1318047
3,570,1534451
3,595,522909
3,620,103387
3,660,1182919
3,660,1288099
3,660,1623004
3,660,337572
3,660,628515
3,660,824519
3,74,52334
3,74,760128
3,76,110058
3,810,826917
3,833,1274351
3,833,414048
3,845,1384575
3,884,652369
3,905,204820
3,962,185637
3,962,228394
3,971,1004436
3,971,1078129
3,972,652752
3,989,127216
3,989,130670
3,989,1545783
3,989,1622681
3,989,47257
3,989,477519
3,989,540281
3,989,579069
3,989,86481
3,989,953301
30,106,1627818
30,106,585318
30,1068,291942
30,1118,1426209
30,15,117406
30,15,1400155
30,15,1402531
30,15,1602434
30,15,1650447
30,15,1650459
30,15,616199
30,15,756921
30,179,1124100
30,179,1225228
30,179,194931
30,233,1435203
30,233,1605937
30,237,554426
30,245,72052
30,245,857206
30,277,585815
30,293,1518694
30,31,1065508
30,31,715697
30,357,1046590
30,362,493189
30,376,111973
30,398,814210
30,408,904530
30,487,1032108
30,487,392754
30,487,971315
30,53,509371
30,541,1390188
30,541,1645978
30,541,802812
30,55,1280521
30,55,580031
30,595,1467662
30,595,1609270
30,595,692238
30,636,1126336
30,636,1452778
30,702,175716
30,702,577404
30,726,1586831
30,726,436765
30,762,1516807
30,762,206841
30,762,41669
30,776,252482
30,812,858940
30,83,845483
30,83,893252
30,84,26915
30,84,907327
30,84,930516
30,856,1518047
30,894,963696
30,906,872127
30,915,408086
30,956,1483371
30,962,627246
30,971,436021
30,971,982664
30,989,1095009
30,989,1261919
30,989,273524
30,989,635315
30,999,479387
31,1041,1276707
31,13,1229072
31,13,1238862
31,13,1394062
31,13,180352
31,191,1395465
31,191,1606477
31,191,371856
31,191,444263
31,191,617817
31,191,714358
31,272,910853
31,369,801443
31,376,1323984
31,388,1207414
31,388,1511622
31,388,284600
31,388,476507
31,388,487485
31,388,577220
31,388,762741
31,388,849019
31,408,1029212
31,408,327814
31,570,1176866
31,570,213269
31,570,409616
31,570,646889
31,570,732508
31,570,756644
32,1010,405917
32,229,601042
32,376,1311461
32,376,1528854
32,733,910540
33,1031,1203346
33,261,132638
33,274,814738
33,274,948112
33,378,479199
33,40,451506
33,40,882051
33,520,1383464
33,7,983501
33,735,1373659
33,735,679498
33,916,74017
33,94,603014
33,966,500353
34,493,702757
34,524,298239
34,524,536078
34,524,71205
34,692,1591677
34,692,1603240
34,692,208742
34,692,287534
34,692,343803
34,692,399841
34,692,629302
34,692,737734
34,692,780491
34,692,890556
34,692,913332
34,692,913937
34,692,947515
34,692,971567
35,1010,1282489
35,1031,282254
35,1034,1055294
35,1034,1423511
35,1079,1471143
35,1079,548049
35,119,1380932
35,15,1037991
35,15,1072281
35,15,1139778
35,15,1170367
35,15,1291198
35,15,1597657
35,15,529189
35,15,562340
35,15,58148
35,15,649273
35,15,846601
35,160,1513744
35,233,1054240
35,233,489158
35,237,1346419
35,237,614112
35,237,867825
35,272,1431664
35,272,569267
35,290,1623824
35,297,437410
35,317,1128147
35,318,893812
35,326,1065716
35,336,431707
35,34,1478558
35,34,1499449
35,34,1515250
35,34,855235
35,347,1201907
35,347,636918
35,353,514511
35,360,1194365
35,360,1348796
35,360,245551
35,383,733177
35,392,917037
35,408,1252491
35,408,245749
35,419,1511605
35,453,491865
35,457,1150976
35,457,161263
35,521,306442
35,53,1281089
35,53,326869
35,570,1415728
35,570,60540
35,595,189608
35,595,822412
35,595,867702
35,6,1554753
35,603,346762
35,619,993400
35,622,1243570
35,636,241521
35,660,1110125
35,660,1271855
35,660,272644
35,672,306197
35,679,562059
35,683,1357352
35,713,516483
35,732,50758
35,74,180276
35,74,999431
35,748,1310806
35,795,1612343
35,810,1184792
35,810,1295789
35,810,1492121
35,810,872019
35,83,1113150
35,83,1175566
35,83,1406260
35,83,185238
35,83,633418
35,83,840701
35,83,854102
35,84,1073018
35,84,1561145
35,868,1633567
35,872,1134607
35,91,1048868
35,91,596367
35,914,1567082
35,918,534900
35,923,791309
35,932,1080877
35,953,1152953
35,953,1503199
35,953,239012
35,953,68167
35,956,38659
35,957,1393360
35,960,1061510
35,960,1386987
35,962,1339895
35,971,1511547
35,971,43908
35,971,763428
35,971,863257
35,984,932097
35,991,487104
36,1010,445650
36,1010,685603
36,1020,347342
36,1027,57212
36,1034,1458782
36,1034,1552152
36,1034,176797
36,1107,200992
36,123,462823
36,15,1430123
36,15,186456
36,15,915400
36,157,1357447
36,157,1584817
36,157,175936
36,170,63377
36,179,547984
36,204,337671
36,206,1163810
36,241,514439
36,300,792762
36,302,801832
36,318,187466
36,338,781756
36,347,1351730
36,35,1168434
36,350,909265
36,355,1408898
36,378,1062308
36,378,1079264
36,378,1192558
36,378,1578401
36,378,562114
36,378,569958
36,378,61346
36,378,881478
36,378,988841
36,382,563641
36,429,472443
36,444,288737
36,457,1495926
36,487,1462203
36,495,1548408
36,5,280664
36,550,1406484
36,570,1484356
36,570,268492
36,570,771299
36,574,1113602
36,609,344847
36,620,752659
36,660,1271828
36,660,47184
36,660,597576
36,660,908032
36,660,918027
36,683,430514
36,683,88772
36,713,1152656
36,736,537473
36,74,706814
36,760,627377
36,803,1498905
36,832,601832
36,832,612110
36,832,886867
36,84,1095072
36,84,206542
36,84,246340
36,84,555259
36,858,303702
36,900,432915
36,924,1496269
36,924,372166
36,924,88953
36,931,1142152
36,931,273666
36,949,97978
36,952,302916
36,952,452397
36,953,1377521
36,956,1255207
36,956,439213
36,956,675629
36,960,1137153
36,971,51290
36,971,695502
36,989,1586347
37,121,129930
37,248,1586739
37,261,1522702
37,261,324057
37,272,167846
37,53,1337215
37,53,427069
37,608,535481
37,682,1420264
37,983,1113636
37,983,325160
37,983,668060
37,989,238336
38,101,1573448
38,1010,1016261
38,1010,1421228
38,1010,967743
38,1043,1282105
38,1043,1500081
38,1043,1635052
38,1043,209434
38,1043,459325
38,1043,494026
38,1043,57911
38,1043,630834
38,1043,68654
38,1043,700901
38,1105,784476
38,135,1317717
38,15,10924
38,15,1389257
38,15,742698
38,182,295383
38,188,1123934
38,188,181551
38,189,1159472
38,189,857274
38,19,923294
38,219,994925
38,237,613283
38,261,1642040
38,274,118481
38,274,1199239
38,274,1303023
38,274,1311849
38,274,1375235
38,274,1397393
38,274,1648401
38,274,298452
38,274,431225
38,274,665559
38,274,687612
38,274,881863
38,274,893614
38,282,684142
38,324,738100
38,347,123677
38,347,1400059
38,347,1588231
38,376,1083522
38,376,1194788
38,376,1359404
38,376,1374823
38,376,1391846
38,376,1416274
38,376,1428759
38,376,1470003
38,376,1539296
38,376,209910
38,376,262173
38,376,283531
38,376,305600
38,376,354590
38,376,393087
38,376,421189
38,376,436716
38,376,503078
38,376,552332
38,376,555194
38,376,610258
38,376,612669
38,376,6213
38,376,665384
38,376,700585
38,376,79205
38,376,805720
38,376,814166
38,376,842030
38,376,853167
38,376,880143
38,376,898310
38,376,901219
38,376,928746
38,376,938126
38,376,954582
38,376,982455
38,408,1539550
38,41,638890
38,41,880606
38,420,1501589
38,431,768234
38,501,1051283
38,501,1114750
38,501,1239175
38,501,1257797
38,501,1419940
38,501,1458494
38,501,1474959
38,501,1540319
38,501,1620616
38,501,553467
38,501,827445
38,501,848880
38,713,1334425
38,743,501633
38,897,98067
38,984,1315248
38,984,1425302
38,99,641282
39,1010,127951
39,163,1251192
39,384,1504366
4,1039,264002
4,129,428889
4,139,818000
4,155,1360576
4,155,1586187
4,224,1607417
4,232,1139310
4,328,1492518
4,336,1045650
4,34,1133913
4,34,500168
4,404,570625
4,405,705665
4,53,1499764
4,53,58385
4,539,504833
4,598,1418282
4,602,858121
4,603,1443761
4,639,1131793
4,639,1397293
4,639,778710
4,707,437837
4,719,977681
4,782,1111188
4,833,1027947
4,845,432275
4,923,356226
4,923,356289
4,931,226022
4,949,77492
4,962,134046
4,983,127174
4,983,1310600
4,983,1414281
4,983,243641
4,983,442080
4,983,559653
4,983,617024
4,983,664149
4,983,717736
4,983,719435
4,983,833272
4,983,837001
4,989,1347320
4,989,1425107
4,989,1509976
4,989,1553103
4,989,1582375
4,989,18786
4,989,221637
4,989,327338
4,989,330298
4,989,665621
4,989,695523
4,989,896358
40,1034,1295619
40,1034,725674
40,1084,353853
40,1097,1129445
40,1107,288411
40,115,1405769
40,115,380749
40,115,620825
40,115,87803
40,154,1065992
40,179,104588
40,179,1323600
40,200,1617023
40,207,307201
40,233,1267933
40,236,65756
40,361,349846
40,366,50696
40,38,1051310
40,38,522171
40,38,666548
40,38,950709
40,421,126288
40,458,1035833
40,458,1408546
40,458,1620370
40,458,295455
40,458,600133
40,458,610593
40,458,756070
40,458,774948
40,462,1583331
40,463,537573
40,491,472293
40,557,934035
40,620,972273
40,626,67461
40,629,75574
40,64,1627692
40,649,1118002
40,657,338447
40,660,1115599
40,660,619597
40,702,802007
40,702,883939
40,780,1644383
40,794,348393
40,810,1029983
40,810,1390875
40,810,281680
40,829,840994
40,83,1162982
40,83,1257763
40,83,13201
40,83,1352894
40,83,1448393
40,83,337503
40,83,546455
40,83,599485
40,899,39987
40,927,616434
40,949,1158509
40,962,1087272
40,969,1176243
40,971,12016
40,971,1470122
40,971,34361
40,971,396605
40,971,514449
40,971,627427
40,971,636866
41,1007,621742
41,129,1622518
41,137,1184367
41,15,426853
41,157,124661
41,157,504890
41,157,680694
41,18,212591
41,28,1471967
41,339,655125
41,348,112104
41,348,151597
41,350,135856
41,419,428750
41,438,642838
41,438,739416
41,472,576237
41,484,990246
41,507,1031671
41,520,801738
41,549,217776
41,576,69366
41,640,1649028
41,641,382705
41,647,1159164
41,660,360201
41,702,799049
41,795,1409963
41,804,1531088
41,806,1368288
41,823,52833
41,84,1511207
41,84,275878
41,914,144956
41,916,364283
41,923,1174527
41,932,598784
41,956,1195685
41,971,1026565
41,980,1419779
42,103,365050
42,192,1097646
42,212,1124867
42,212,1633642
42,212,829151
42,228,1478572
42,237,170585
42,261,1301916
42,261,1428338
42,261,497305
42,361,1331045
42,361,275981
42,372,1016866
42,372,1025804
42,372,1254474
42,372,1293487
42,372,1625938
42,372,1648034
42,372,713770
42,383,310101
42,408,729863
42,419,500030
42,431,1348992
42,456,1140337
42,547,1403320
42,580,749766
42,581,1466750
42,581,946436
42,595,1337587
42,626,282791
42,660,639687
42,67,803011
42,683,797554
42,703,1493574
42,708,1358861
42,810,1261865
42,810,1395874
42,810,1442031
42,810,1476648
42,810,1516975
42,810,66329
42,810,909274
42,83,1475212
42,83,1570110
42,83,289702
42,83,339500
42,83,349841
42,83,385982
42,83,770530
42,83,827926
42,834,352808
42,857,1477165
42,857,1583375
42,857,1608959
42,857,398700
42,879,665953
42,90,1052295
42,90,434594
42,938,1642279
42,938,264283
42,938,477627
42,938,912325
42,948,198943
42,948,959182
42,949,1608160
42,971,1521506
43,287,1175513
43,295,105394
43,295,1206360
43,295,1618363
43,295,240373
43,295,262712
43,372,497306
43,372,733258
43,859,1004730
43,859,1045551
43,859,1347013
43,859,1621400
43,859,848862
43,90,1181118
43,90,16180
43,908,963666
43,948,1154377
43,948,34610
43,948,411613
43,948,487224
43,948,563605
43,948,932619
43,971,162911
43,971,437799
44,1017,702743
44,1056,1543681
44,1108,1206043
44,1108,24107
44,1108,336900
44,1108,575279
44,1108,700070
44,1121,129533
44,129,875764
44,15,1103073
44,15,1504881
44,15,1507522
44,15,1509315
44,15,1596139
44,15,1604941
44,15,1608695
44,15,168405
44,15,572208
44,15,755369
44,15,762319
44,15,935976
44,15,942654
44,15,965548
44,204,1422852
44,246,1117779
44,330,1015574
44,389,807427
44,397,782917
44,419,577671
44,422,1043913
44,422,1169394
44,422,1242561
44,422,1617997
44,516,537994
44,562,922007
44,564,184631
44,564,924291
44,683,1555669
44,692,893947
44,702,988684
44,802,611111
44,807,1146573
44,87,1429658
44,875,1615671
44,887,896854
44,889,1162269
44,91,1176991
44,91,174557
44,91,811727
45,1086,1240544
45,292,367677
45,376,455051
45,934,644482
45,971,156452
46,1001,129322
46,1005,1055917
46,1005,1311957
46,1005,449469
46,1005,641152
46,102,1352213
46,1031,1020770
46,1031,1094309
46,1031,1099669
46,1031,1303149
46,1031,1363334
46,1031,1455795
46,1031,830014
46,1034,967909
46,108,1421708
46,108,1592113
46,108,642598
46,108,719610
46,122,964154
46,128,1392717
46,133,302067
46,149,570964
46,15,1064856
46,15,1155621
46,15,1619664
46,15,1646246
46,15,403108
46,15,805499
46,166,1130072
46,211,357800
46,228,704098
46,256,1371689
46,26,770587
46,268,239802
46,268,312178
46,268,53780
46,268,603654
46,268,716907
46,272,1349411
46,273,1453922
46,273,909205
46,285,3774
46,291,1594495
46,291,524417
46,335,1402746
46,361,1466812
46,361,999740
46,403,1082357
46,403,1095299
46,403,1448873
46,403,1533992
46,403,1648602
46,403,417334
46,403,939668
46,408,341932
46,419,1128589
46,419,1370435
46,419,444865
46,419,489913
46,419,581773
46,419,88479
46,419,903024
46,433,27249
46,473,105630
46,473,143960
46,514,1500936
46,541,119013
46,546,1370711
46,546,479603
46,546,50721
46,546,527483
46,546,826091
46,570,1562822
46,592,1059027
46,592,1174143
46,592,1244110
46,592,1341419
46,592,1356983
46,592,218326
46,592,226358
46,592,264889
46,592,36825
46,592,505313
46,592,586839
46,592,681733
46,595,607006
46,617,1221119
46,617,616840
46,63,675232
46,652,1366481
46,660,288087
46,697,1468424
46,697,808728
46,702,1206118
46,702,373427
46,702,628726
46,702,651791
46,729,1134010
46,74,1603136
46,781,1635079
46,83,1081851
46,83,114506
46,83,896000
46,83,915396
46,835,1611709
46,841,1095643
46,876,1168579
46,942,1094767
46,942,1417155
46,949,1339911
46,949,250467
46,953,684525
46,953,82956
46,958,1622406
46,999,1424038
47,15,1142571
47,15,363002
47,163,53592
47,2,1472864
47,25,67456
47,25,830882
47,287,360512
47,288,416609
47,874,1492113
47,971,1177481
47,971,139051
47,971,820378
47,978,832509
48,1018,1289660
48,1025,1460977
48,1031,186690
48,1034,1104040
48,1034,1510825
48,1066,334292
48,1068,1542584
48,1071,372500
48,1101,942977
48,129,1069596
48,139,264398
48,143,1466495
48,15,1199934
48,15,1207127
48,15,1421280
48,15,1536124
48,15,1627287
48,15,20218
48,15,244241
48,15,319381
48,15,390969
48,15,463198
48,15,665225
48,15,747280
48,15,766728
48,15,880622
48,15,900936
48,15,936762
48,203,1308520
48,207,1053593
48,209,1502625
48,232,497738
48,237,1120822
48,237,1482982
48,240,245857
48,272,1034401
48,272,171605
48,277,1395477
48,28,1496299
48,280,679059
48,325,1391101
48,34,1443400
48,34,302715
48,347,1638486
48,347,212015
48,347,289066
48,360,1333227
48,361,477350
48,376,47295
48,376,621628
48,376,86215
48,379,542886
48,38,797474
48,387,79926
48,39,121473
48,393,1600630
48,404,290889
48,408,1067231
48,408,1207833
48,408,1260431
48,408,1597851
48,419,1262906
48,419,1628069
48,442,1450607
48,446,1233663
48,457,1239641
48,457,1258413
48,457,1456160
48,457,1601019
48,457,587946
48,457,637267
48,464,1127908
48,48,1057249
48,481,157805
48,529,1036958
48,529,1112315
48,529,1385648
48,529,1397574
48,529,169449
48,529,716403
48,53,235903
48,532,1019387
48,570,1116325
48,570,203415
48,571,1139229
48,579,1525163
48,586,1375729
48,593,1034966
48,593,1125906
48,593,1179504
48,593,160628
48,595,1436454
48,595,423808
48,595,647942
48,595,819240
48,632,1315269
48,647,1231589
48,660,596711
48,675,775357
48,683,28025
48,683,388775
48,683,685486
48,683,866758
48,683,895245
48,686,416086
48,713,149837
48,713,1574342
48,713,423074
48,716,1205734
48,716,1368201
48,716,1587046
48,716,224514
48,716,281718
48,716,344725
48,716,382538
48,716,785256
48,728,1364765
48,730,940358
48,749,1526547
48,755,465727
48,763,162945
48,77,969126
48,782,343148
48,828,1170645
48,83,554748
48,830,498
48,84,1015118
48,84,402321
48,84,964372
48,848,658329
48,855,1268062
48,855,816187
48,922,735733
48,927,1471803
48,927,891809
48,949,1013100
48,949,1333751
48,949,702980
48,949,879620
48,949,907033
48,953,309205
48,953,446958
48,953,482798
48,956,1358671
48,956,487513
48,960,1286310
48,960,1295526
48,962,1607194
48,967,654938
48,969,1076161
48,971,1065973
48,971,1098944
48,971,11015
48,971,142232
48,971,25824
48,971,437930
48,971,655314
48,971,728130
48,971,846115
48,971,92909
48,983,1222453
48,983,65283
48,984,136161
48,984,1514925
48,989,1207760
48,989,1299492
48,989,744476
48,989,928862
48,989,946920
49,1010,1641670
49,1010,913041
49,1034,52836
49,1044,1486788
49,1121,223776
49,1122,1626315
49,129,228902
49,129,308669
49,15,128975
49,157,1496918
49,161,626047
49,162,490008
49,228,1286501
49,233,1543772
49,26,1338173
49,272,920400
49,290,1249941
49,304,1575042
49,313,435149
49,351,960691
49,361,1103305
49,361,721995
49,361,986092
49,372,1134566
49,372,1483756
49,372,719616
49,377,192757
49,392,252803
49,397,185669
49,408,50017
49,409,443487
49,419,1061190
49,419,565979
49,431,1074947
49,431,1522024
49,469,1187977
49,552,1010848
49,581,1409352
49,595,1438033
49,595,362067
49,595,374184
49,612,1466463
49,639,111322
49,683,1266385
49,702,1557610
49,707,1559788
49,707,553267
49,712,87459
49,761,730371
49,816,564713
49,890,1210369
49,919,1005132
49,927,1043129
49,931,638073
49,949,1232969
49,949,1548724
49,949,730922
49,953,989545
49,956,672679
49,971,147043
49,971,426518
49,971,468082
49,971,751008
49,971,939835
49,989,996334
49,991,1170808
5,1004,748165
5,1009,1055192
5,1034,1070840
5,1034,1242567
5,1034,1613896
5,1053,815364
5,1075,67744
5,126,880171
5,129,1559111
5,15,1024763
5,15,1126308
5,15,1136553
5,15,1205957
5,15,1289623
5,15,1311075
5,15,1315936
5,15,135759
5,15,1405305
5,15,1453296
5,15,1481837
5,15,1571291
5,15,354451
5,15,458873
5,15,605936
5,15,656278
5,15,753009
5,15,772517
5,15,812072
5,153,1515367
5,167,955711
5,209,277303
5,209,494937
5,213,719189
5,223,519383
5,233,1095382
5,233,162045
5,233,395227
5,233,64216
5,233,80701
5,237,1163228
5,237,1491605
5,237,354602
5,237,540258
5,237,913319
5,240,1607424
5,272,179440
5,272,30797
5,272,459012
5,272,560153
5,272,914383
5,272,989275
5,31,735693
5,316,112281
5,334,1174257
5,34,402132
5,347,140943
5,347,1648848
5,347,195802
5,361,630812
5,376,1393346
5,408,1261737
5,408,182934
5,408,240265
5,419,1005313
5,419,1023504
5,419,248457
5,419,317109
5,442,1560179
5,442,213571
5,442,757977
5,457,715200
5,457,86359
5,457,914499
5,479,740917
5,481,1567774
5,523,672030
5,53,1171309
5,53,1251643
5,53,1404675
5,53,1449073
5,53,292303
5,54,95179
5,541,58109
5,544,903867
5,554,1001913
5,570,1405021
5,570,603609
5,588,1139919
5,595,1364421
5,595,150914
5,595,579842
5,595,894812
5,595,967582
5,596,1265005
5,599,1298607
5,605,1541529
5,605,481349
5,613,1644276
5,623,554247
5,628,102734
5,640,688662
5,647,1096104
5,647,1530426
5,654,356081
5,658,939266
5,660,1108790
5,660,11111
5,660,269621
5,683,1486653
5,683,148997
5,683,1494070
5,683,66832
5,683,977731
5,702,1131114
5,702,1407748
5,702,1415615
5,702,996522
5,713,1018952
5,713,160061
5,713,280977
5,716,1207274
5,716,1219155
5,716,1235732
5,716,1459563
5,716,193743
5,716,61583
5,717,1284090
5,717,193242
5,72,292549
5,721,1171295
5,721,1404280
5,721,518865
5,721,773629
5,74,175254
5,769,846741
5,779,72408
5,80,1184419
5,813,692655
5,816,860214
5,818,1479970
5,83,1057481
5,83,1242746
5,83,1394462
5,83,1579291
5,83,230410
5,83,283210
5,83,308662
5,83,538089
5,83,620350
5,83,657935
5,83,771781
5,83,789867
5,83,844545
5,83,901519
5,84,1555691
5,84,1617669
5,84,629153
5,84,889959
5,855,442348
5,855,629324
5,865,477033
5,866,1279182
5,880,10423
5,904,1215840
5,909,51109
5,914,1338906
5,914,755400
5,923,585639
5,927,1017651
5,928,758782
5,931,1359377
5,949,1439440
5,953,1490851
5,953,1549150
5,953,628802
5,953,766981
5,956,1242566
5,956,1590370
5,956,757917
5,967,495546
5,969,57303
5,97,861866
5,971,1006787
5,971,1048537
5,971,1155170
5,971,1370009
5,971,1386444
5,971,1620380
5,971,675670
5,971,800830
5,980,1144740
5,980,397820
5,984,1135957
5,984,994059
50,1010,1217692
50,1010,371020
50,15,275912
50,15,483781
50,187,1471139
50,25,16092
50,25,598551
50,633,276097
50,934,565149
50,948,1044828
50,971,1598689
50,991,971959
51,261,777227
52,1003,821470
52,1010,1572492
52,1011,865509
52,1026,543487
52,1028,1359147
52,1034,651816
52,1036,990438
52,1046,1082834
52,1068,1623073
52,1088,270016
52,1116,459987
52,120,612614
52,129,174876
52,129,261227
52,129,910750
52,147,408115
52,15,108760
52,15,1100067
52,15,113178
52,15,114160
52,15,1210400
52,15,1253910
52,15,1259906
52,15,1281208
52,15,1286402
52,15,1373894
52,15,1427161
52,15,1466241
52,15,1474512
52,15,1519321
52,15,1538930
52,15,1613108
52,15,1616326
52,15,1632243
52,15,1636289
52,15,200444
52,15,218077
52,15,243418
52,15,298233
52,15,371809
52,15,458457
52,15,489046
52,15,514302
52,15,558525
52,15,592563
52,15,61526
52,15,644927
52,15,656683
52,15,690917
52,15,809261
52,15,889989
52,157,1402772
52,184,1195629
52,198,804227
52,201,1079720
52,223,955383
52,233,1324516
52,233,1334590
52,233,1582566
52,233,644660
52,233,758674
52,237,1257660
52,237,519087
52,237,725317
52,256,1058293
52,256,1096247
52,256,1109279
52,256,1254582
52,256,1337364
52,256,1441258
52,256,1584101
52,256,165164
52,256,175193
52,256,273283
52,256,323816
52,256,361530
52,256,718605
52,262,1075918
52,272,1149405
52,272,530255
52,272,977204
52,290,358298
52,297,324851
52,303,1513978
52,309,398952
52,31,1483709
52,315,1307291
52,318,1398325
52,318,156593
52,318,256905
52,318,355126
52,318,36663
52,318,520812
52,318,802297
52,318,88938
52,34,1294631
52,34,265524
52,34,29685
52,34,7657
52,347,858681
52,361,1020369
52,361,1186276
52,361,1338259
52,361,1554314
52,361,1603071
52,361,187524
52,361,249838
52,361,465710
52,361,621854
52,361,85367
52,361,904344
52,364,976583
52,376,1594401
52,380,594062
52,383,1122390
52,383,394225
52,394,1544919
52,394,332809
52,397,1169545
52,408,1140444
52,408,399900
52,408,815088
52,419,10597
52,419,1087571
52,419,1161996
52,419,1373501
52,419,1531933
52,419,198439
52,419,502976
52,419,678364
52,419,950076
52,419,988344
52,451,167427
52,457,1103125
52,457,802678
52,466,366588
52,477,1043009
52,483,961682
52,486,840021
52,490,1200678
52,490,13623
52,490,1369642
52,490,1466830
52,490,1554687
52,490,17962
52,490,545345
52,525,1625622
52,53,977093
52,530,1575117
52,538,665182
52,538,895058
52,570,1633667
52,578,732581
52,595,1102873
52,595,1157980
52,595,1251240
52,595,1529095
52,595,314456
52,595,344127
52,595,354427
52,595,577621
52,595,81074
52,595,824046
52,595,844351
52,595,948526
52,603,15963
52,620,452421
52,620,523161
52,624,1205563
52,636,1198471
52,640,1080638
52,647,540223
52,655,321184
52,660,1481701
52,660,192504
52,660,204026
52,676,917074
52,684,712555
52,693,418837
52,700,1284244
52,702,45539
52,702,588951
52,726,131634
52,726,141880
52,726,1645524
52,726,444031
52,726,631605
52,726,971715
52,74,1250367
52,74,650919
52,741,236318
52,745,169755
52,754,1093229
52,770,1361429
52,772,600336
52,786,201607
52,786,770608
52,791,1363788
52,791,147144
52,8,78382
52,805,224621
52,810,1076482
52,810,1246459
52,810,1312570
52,810,1516712
52,810,1517990
52,810,168844
52,810,257320
52,810,310065
52,810,31070
52,810,32262
52,810,349413
52,810,52476
52,810,730175
52,810,827944
52,810,86831
52,817,1205514
52,83,114469
52,83,1288049
52,83,1325714
52,83,1361095
52,83,1369772
52,83,1434733
52,83,1435213
52,83,157645
52,83,1584587
52,83,1598145
52,83,372285
52,83,435187
52,83,583413
52,83,824892
52,83,926498
52,83,983255
52,83,997966
52,832,864495
52,84,1371134
52,84,1431822
52,84,811519
52,84,818263
52,84,862188
52,842,1262466
52,85,1113246
52,86,1347513
52,861,1137254
52,865,1333529
52,872,1100482
52,872,1128699
52,872,1191945
52,872,1479633
52,872,935217
52,891,1293354
52,891,943933
52,902,269193
52,91,1165225
52,92,583324
52,923,1079604
52,923,1256945
52,923,254102
52,923,995226
52,931,349815
52,932,111419
52,949,1088998
52,949,1393899
52,949,35116
52,953,1344669
52,953,1387227
52,953,1445179
52,953,1528889
52,953,186159
52,953,331747
52,953,530263
52,953,644673
52,953,658624
52,953,790087
52,953,81837
52,953,944987
52,953,956196
52,962,405457
52,971,1071218
52,971,1496499
52,971,180874
52,971,920489
52,971,986830
52,976,717481
52,980,241745
52,989,1218302
52,989,1388946
53,115,1583248
53,272,1371510
53,441,728187
53,662,1213656
53,714,1528238
53,821,1004717
54,295,1010128
54,376,600155
54,51,1445060
54,513,995913
54,757,969581
55,1010,1162578
55,1010,267343
55,1010,295032
55,1010,339844
55,1010,689686
55,1031,1528888
55,1031,1528954
55,1074,1232619
55,145,1087682
55,15,1095270
55,15,1595873
55,15,163545
55,15,195738
55,28,1028393
55,28,342439
55,28,694587
55,28,864240
55,297,1377529
55,303,1021903
55,303,1248001
55,303,239002
55,303,256275
55,303,770970
55,305,593867
55,345,1250506
55,361,466327
55,361,936644
55,378,1158371
55,378,1317608
55,397,526863
55,397,753998
55,397,919996
55,412,14728
55,419,1175252
55,419,521695
55,442,78913
55,456,432007
55,456,457313
55,456,469036
55,456,718734
55,457,1499908
55,48,608327
55,488,650088
55,53,805765
55,560,626224
55,560,784592
55,585,397415
55,630,700167
55,635,1087036
55,660,1426352
55,660,510484
55,681,1572737
55,683,1635707
55,702,323970
55,708,1461716
55,74,817303
55,768,405462
55,782,494292
55,810,1018344
55,810,1215296
55,810,1261584
55,810,1311257
55,810,1366646
55,810,1514961
55,810,1591226
55,810,1631619
55,810,1634861
55,810,262857
55,810,262891
55,810,733141
55,810,82947
55,810,924834
55,83,348114
55,84,235226
55,840,971117
55,862,449565
55,862,53242
55,896,1615173
55,909,222298
55,930,845132
55,932,1396666
55,933,314378
55,933,425326
55,971,1051113
55,971,114901
55,971,153343
55,971,1564134
55,971,1622702
55,971,1625148
55,971,328303
56,115,1416009
56,140,754985
56,157,457027
56,272,1276440
56,272,799599
56,376,1257933
56,378,653343
56,555,1211724
56,555,123594
56,555,1420555
56,555,154303
56,555,1647169
56,555,311509
56,555,390305
56,555,600026
56,595,245173
56,640,1168115
56,662,725140
56,713,640336
56,714,1269896
56,769,79786
56,825,1014273
56,825,1111964
56,825,1205335
56,825,398409
56,825,427644
56,825,644656
56,825,678489
56,825,996788
56,914,1138912
56,94,293612
56,940,80730
56,969,360500
56,971,1556026
56,983,208583
57,1094,441850
57,15,1116530
57,15,918622
57,205,564277
57,468,1066840
57,647,1126309
57,745,504637
57,752,749129
57,800,1467910
57,898,787930
57,971,1200549
57,971,1451635
58,1010,1369450
58,1010,18018
58,1010,342499
58,1034,1548413
58,1034,384852
58,227,577307
58,261,1139753
58,261,334257
58,261,456528
58,274,302785
58,274,910167
58,376,1475034
58,376,621073
58,53,1034683
58,53,202246
58,630,1132052
58,731,1449866
58,769,114397
58,769,398759
58,83,1638254
58,83,805605
58,836,1421287
58,836,1467066
58,836,678698
58,844,640882
58,855,754248
58,969,160996
58,971,195726
58,971,330584
58,971,91797
58,993,852657
59,1003,1321848
59,1003,172912
59,1003,182779
59,1011,420344
59,1028,1466600
59,1033,1438250
59,1039,1622266
59,1039,590802
59,1057,1316271
59,1057,943120
59,1115,1573972
59,127,1602335
59,129,135609
59,129,1406645
59,129,1506763
59,15,1072655
59,15,1096724
59,15,1104446
59,15,1148259
59,15,1163358
59,15,1227455
59,15,1294545
59,15,1440190
59,15,1490154
59,15,1492012
59,15,1528946
59,15,1603739
59,15,192729
59,15,207518
59,15,405610
59,15,420956
59,15,483171
59,15,490373
59,15,500300
59,15,524485
59,15,527328
59,15,537168
59,15,587271
59,15,596121
59,15,671950
59,15,761072
59,15,779133
59,15,813037
59,15,885313
59,15,996575
59,156,289554
59,173,1574465
59,175,1251588
59,179,1376053
59,179,456264
59,179,539827
59,179,918199
59,20,691077
59,207,1545443
59,207,40148
59,207,621113
59,233,137753
59,259,242704
59,261,1141916
59,261,1636491
59,261,528284
59,261,772376
59,272,210254
59,283,241040
59,290,308701
59,313,966325
59,346,319619
59,347,110850
59,347,144615
59,347,1581908
59,347,667193
59,347,848419
59,360,1418848
59,360,331547
59,376,12834
59,381,325852
59,396,1469125
59,4,125595
59,408,1498257
59,408,451835
59,408,676625
59,415,1218121
59,419,1430491
59,447,919576
59,454,337199
59,457,798706
59,457,84231
59,479,779410
59,487,422890
59,497,1214042
59,5,473869
59,507,1040539
59,511,57130
59,522,563995
59,53,336251
59,53,85207
59,540,1080166
59,541,1386418
59,568,502456
59,572,622527
59,591,1156339
59,598,1469773
59,611,1214850
59,622,1438129
59,633,1461369
59,636,1479325
59,639,1541047
59,639,1649449
59,651,516563
59,660,792914
59,702,1109595
59,702,1197180
59,707,477135
59,707,628552
59,723,701944
59,727,1141776
59,747,733179
59,75,251744
59,78,338325
59,782,1322014
59,784,557203
59,808,1159603
59,808,1395052
59,808,391140
59,808,446780
59,84,1073382
59,84,1103054
59,84,1189942
59,84,1201923
59,84,1429818
59,84,320437
59,84,491469
59,84,510301
59,84,728340
59,84,816062
59,84,886346
59,84,922566
59,84,926362
59,845,1429418
59,845,626037
59,847,1341191
59,847,475939
59,87,555113
59,885,1376381
59,885,1465650
59,885,1522357
59,885,244897
59,885,31644
59,885,325637
59,885,496734
59,885,899046
59,885,91605
59,895,100100
59,905,1138738
59,905,784865
59,91,314197
59,91,653516
59,923,1065939
59,931,1123042
59,931,535884
59,931,98646
59,932,1049089
59,937,520150
59,947,599999
59,949,100984
59,949,1092003
59,96,1065994
59,960,756229
59,962,1066866
59,962,1283313
59,962,1461925
59,962,460655
59,962,638450
59,962,882292
59,971,1480535
59,971,399536
59,978,646697
59,979,1214500
59,980,1254298
59,983,1455514
59,983,1644113
59,983,304338
59,983,918050
59,983,962367
59,983,99589
59,989,1025420
59,989,1057751
59,989,1184295
59,989,1256551
59,989,1323174
59,989,1396552
59,989,1547759
59,989,1557646
59,989,177425
59,989,188815
59,989,214796
59,989,329783
59,989,472668
59,989,685757
59,991,901440
6,1010,1519976
6,1010,758601
6,1010,901448
6,1044,813003
6,1083,1212764
6,1106,1521246
6,1106,855992
6,15,296790
6,15,994670
6,254,1264866
6,261,312844
6,261,547173
6,430,960316
6,595,972495
6,600,1602830
6,62,336463
6,683,224360
6,836,770714
6,850,1358884
6,887,1126289
6,887,1260191
6,887,336499
6,914,773693
6,971,1112730
60,1010,1622447
60,1010,491134
60,1010,972556
60,1028,1054276
60,15,124114
60,15,1283016
60,15,1338096
60,15,1635627
60,15,177612
60,15,178362
60,15,217417
60,15,249655
60,15,319314
60,15,616411
60,15,974709
60,15,97597
60,298,1068136
60,31,1390179
60,361,1193787
60,397,1062192
60,397,850895
60,400,1063192
60,432,1486161
60,432,25852
60,452,1633943
60,5,508901
60,508,1487619
60,542,748680
60,564,1230024
60,564,1418662
60,564,989417
60,567,732493
60,622,40540
60,665,38296
60,665,42421
60,702,270315
60,707,1085886
60,74,527045
60,744,904291
60,775,1256609
60,798,897097
60,84,563093
60,887,917569
60,91,27186
60,931,1054135
60,931,821407
60,932,1027456
60,960,1315505
61,1002,461688
61,90,1336312
61,948,118624
62,21,1254332
62,21,909011
62,22,43704
62,223,416464
62,390,1030730
62,390,1208538
62,390,1248538
62,390,1340984
62,390,1572401
62,390,1628477
62,390,177478
62,390,431620
62,390,504817
62,390,791777
62,390,831605
62,46,683236
62,470,864220
62,482,1626955
62,566,1048464
62,566,1116147
62,566,1125289
62,566,1435013
62,566,1437654
62,566,1474445
62,566,1493606
62,566,1536450
62,566,53970
62,566,63589
62,566,981517
62,58,1254168
62,612,1490676
62,650,562902
62,691,1151841
62,691,1362285
62,718,831895
62,724,1075598
62,898,340789
62,911,497044
62,971,1002494
62,971,112711
62,971,1253041
62,971,1628288
62,971,1651958
62,971,1673
62,971,295826
62,971,357868
62,971,549396
62,971,571087
62,971,716560
62,971,946032
62,971,986148
62,980,559801
62,994,1043987
62,994,1224516
62,994,1310760
62,994,150141
62,994,1541249
62,994,164439
62,994,175474
62,994,329160
62,994,414604
62,994,794665
62,994,931920
63,100,668503
63,1057,747121
63,1122,892641
63,284,1144251
63,32,1199479
63,356,1100013
63,356,1231470
63,356,195113
63,356,489273
63,356,722476
63,356,754384
63,356,768359
63,493,917427
63,524,244017
63,524,251174
63,524,503884
63,524,859701
63,645,951110
63,692,1043735
63,692,644206
63,953,594003
64,1010,1643372
64,1030,1415252
64,1032,1367734
64,1033,593919
64,1034,1439847
64,1038,567659
64,104,253257
64,1040,1442590
64,1041,233890
64,105,194381
64,112,934871
64,1121,443865
64,1121,52722
64,1121,63053
64,1121,654656
64,129,1560584
64,13,1253699
64,13,249205
64,142,207947
64,142,229968
64,142,451920
64,142,850749
64,148,898225
64,15,10493
64,15,1605274
64,15,332802
64,163,13070
64,163,1544058
64,216,150734
64,233,1019799
64,236,22664
64,237,411793
64,272,1458626
64,276,1363311
64,276,266720
64,276,509219
64,289,941331
64,295,103980
64,295,1259549
64,295,1316539
64,295,1345453
64,295,1395154
64,295,1402155
64,295,1500343
64,295,1509449
64,295,1622430
64,295,1646177
64,295,316100
64,295,623591
64,295,646515
64,295,808154
64,295,809295
64,295,813369
64,295,916995
64,306,452375
64,313,1340344
64,313,650157
64,318,1563118
64,318,976239
64,329,1200402
64,34,1274662
64,34,1324208
64,341,757038
64,347,11357
64,347,179012
64,359,947432
64,361,282328
64,369,1155767
64,376,156455
64,376,216609
64,376,318318
64,376,796327
64,408,1189473
64,408,445100
64,419,287614
64,419,648955
64,42,1572375
64,457,501166
64,479,567297
64,489,181782
64,507,1296615
64,51,1577695
64,51,466954
64,51,498605
64,51,959194
64,513,1140731
64,53,1551686
64,555,1453311
64,570,145183
64,595,753068
64,602,565937
64,603,621457
64,604,219936
64,620,569031
64,633,1617574
64,633,1642339
64,633,75449
64,639,1228887
64,639,768579
64,647,257341
64,648,1071450
64,660,503491
64,672,838110
64,71,1280096
64,713,1611215
64,73,1610015
64,74,523535
64,751,936460
64,753,266548
64,757,145699
64,757,1578339
64,769,1625985
64,799,1026964
64,809,506742
64,810,1441040
64,810,442555
64,816,727177
64,836,1038791
64,839,122814
64,84,1275421
64,84,1327077
64,84,175815
64,840,54274
64,853,1526145
64,853,730096
64,886,1219937
64,888,330390
64,903,920142
64,914,342848
64,921,813826
64,923,819196
64,93,1170722
64,931,1214045
64,931,1565491
64,931,885577
64,931,970948
64,932,199132
64,948,1074990
64,948,1313800
64,948,1395399
64,948,1510879
64,948,257700
64,948,519851
64,949,840737
64,953,1209451
64,956,1333040
64,956,1572780
64,956,984782
64,962,1616594
64,969,331639
64,971,132721
64,971,257286
64,971,540119
64,971,553138
64,971,64228
64,971,907833
64,991,909312
65,1000,252783
65,1012,548379
65,1023,1096462
65,1035,331440
65,1039,40049
65,1051,641795
65,1078,200931
65,1082,879968
65,1095,286611
65,1117,1061303
65,134,823584
65,151,471429
65,179,131621
65,181,74998
65,218,1097320
65,229,1629972
65,24,1477604
65,244,358758
65,249,917347
65,256,1205182
65,256,1332592
65,256,823569
65,256,849890
65,256,994909
65,272,1356807
65,274,155248
65,274,39799
65,274,524782
65,320,627395
65,322,791415
65,331,1256072
65,337,1268945
65,349,23713
65,350,1324378
65,350,935711
65,361,186761
65,376,1116712
65,376,1127078
65,376,1146622
65,376,1219186
65,376,1329521
65,376,160721
65,376,1608696
65,376,1611296
65,376,249847
65,376,389102
65,376,850390
65,419,1502536
65,431,1453055
65,45,1487735
65,461,1474899
65,47,107863
65,471,346286
65,484,1447888
65,500,1550499
65,51,1522585
65,517,1153809
65,517,1261660
65,528,170775
65,556,1232945
65,570,789346
65,590,856062
65,594,590997
65,595,845201
65,603,584536
65,625,359309
65,626,1033981
65,626,338068
65,626,916473
65,636,1537090
65,636,670059
65,636,751147
65,640,1561092
65,642,1269563
65,646,995863
65,67,472142
65,713,66537
65,745,52383
65,745,880842
65,745,997069
65,758,1143605
65,765,819255
65,768,611432
65,782,253934
65,793,630562
65,800,1225799
65,822,1392720
65,822,488060
65,837,1453769
65,865,1028590
65,865,1650799
65,877,1478004
65,931,1080087
65,945,557841
65,962,384718
65,962,866234
65,969,219056
65,969,5880
65,971,1049157
65,971,1221306
65,971,1595805
65,971,662265
65,971,728845
65,974,1032205
65,974,705348
65,992,1124292
65,995,550158
66,104,1018094
66,1068,676661
66,212,233892
66,250,463722
66,252,1374361
66,261,1023695
66,261,1580328
66,261,428900
66,261,769922
66,261,992007
66,313,520597
66,347,1467233
66,350,466704
66,419,584518
66,442,1411512
66,457,814895
66,487,740070
66,487,828133
66,51,1165554
66,51,356924
66,51,838814
66,570,1259659
66,595,1304983
66,595,526398
66,595,882570
66,66,1275223
66,66,367939
66,660,766941
66,677,445090
66,683,1065363
66,683,32831
66,683,456548
66,696,388237
66,706,704111
66,713,427738
66,715,1057987
66,722,1322053
66,746,1071331
66,78,1592615
66,810,116898
66,836,1069281
66,84,1202828
66,84,637540
66,93,1194409
66,931,1638579
66,949,1642516
66,953,963063
66,960,428388
66,971,1378025
66,971,435250
66,971,901134
66,982,1330614
67,1058,538714
67,199,428024
67,437,255674
67,660,1175785
67,74,510089
67,74,902599
67,816,640492
67,956,1285323
67,971,923720
67,984,868035
67,989,511785
68,520,1032779
68,916,1494771
69,376,1010314
69,376,1569092
69,733,1522254
69,965,921378
7,1010,1621788
7,1079,1268826
7,1079,259541
7,1123,794359
7,15,1045966
7,15,1454128
7,15,377849
7,15,577287
7,15,619757
7,15,742977
7,179,1550915
7,212,147375
7,212,1630676
7,212,78459
7,237,1361858
7,261,519371
7,294,1592772
7,306,977623
7,327,644260
7,376,1450586
7,399,383980
7,42,89554
7,53,1280464
7,541,1259855
7,595,403615
7,618,1027205
7,618,1247360
7,618,554354
7,626,1597233
7,660,1407680
7,67,1134999
7,683,1240402
7,689,154586
7,703,1520298
7,777,209561
7,810,1318660
7,810,1494645
7,810,1579641
7,810,1618217
7,810,315510
7,810,452926
7,810,615608
7,810,901979
7,810,923630
7,83,1527050
7,83,1635354
7,83,243546
7,83,291203
7,83,364424
7,83,542883
7,83,612624
7,83,626247
7,834,173752
7,894,1336465
7,901,190563
7,938,1408826
7,956,1212160
7,96,1324552
7,96,67860
7,971,1283066
7,989,1172819
7,989,1450004
7,989,173972
70,1010,635944
70,1041,135810
70,1123,954936
70,136,1042451
70,15,230194
70,150,1197207
70,171,1348670
70,269,23136
70,272,1545977
70,28,436465
70,287,1174950
70,287,1258663
70,287,1329087
70,287,134428
70,287,395698
70,318,147641
70,36,1378724
70,361,996216
70,376,393275
70,397,1046090
70,397,764125
70,408,773868
70,410,1343522
70,416,521785
70,419,192906
70,425,454809
70,431,400463
70,475,1241798
70,502,312215
70,506,112555
70,53,1033075
70,53,1090073
70,53,430105
70,53,462119
70,53,684267
70,53,74295
70,53,758489
70,583,1236969
70,595,1031000
70,595,882714
70,604,1631765
70,630,1086268
70,630,298867
70,639,844497
70,65,1524212
70,660,1631206
70,690,135518
70,738,400109
70,738,627936
70,790,1549067
70,83,339541
70,83,355187
70,83,467993
70,83,892338
70,84,1596268
70,84,209490
70,84,581002
70,84,598322
70,840,1054184
70,849,1629466
70,851,867303
70,879,1589844
70,927,1321998
70,931,1082674
70,931,189978
70,931,604980
70,931,772799
70,949,1232847
70,949,529434
70,953,1283303
70,956,795344
70,960,943044
70,968,802516
70,969,1480444
70,969,1505844
70,969,69351
70,971,1272120
70,971,1309572
70,971,1400943
70,971,1468330
70,971,1582090
70,971,293966
70,971,612232
70,971,682962
70,971,869707
70,971,907654
70,975,492252
70,985,1459672
70,988,1126830
70,991,139738
70,999,230111
71,10,1208508
71,1003,1173111
71,101,1169040
71,1031,506439
71,1031,513602
71,1031,57951
71,1031,604580
71,1031,91987
71,1033,1575226
71,1034,1374050
71,1038,1586622
71,1068,1488936
71,1076,856338
71,1096,563728
71,1113,130152
71,1113,241250
71,138,1472644
71,15,1058213
71,15,1059762
71,15,11235
71,15,1486125
71,15,1506377
71,15,1533465
71,15,1551202
71,15,1578210
71,15,1618991
71,15,2332
71,15,393615
71,15,485334
71,15,520364
71,15,687339
71,15,711547
71,15,799563
71,15,944310
71,151,309477
71,169,794577
71,176,1518241
71,178,891113
71,207,1435922
71,207,463874
71,233,1600783
71,233,389727
71,236,1595742
71,237,911213
71,253,349131
71,272,1005345
71,272,1041241
71,272,585818
71,296,1091443
71,308,1329309
71,315,623424
71,323,1327468
71,34,1094514
71,347,1135431
71,347,1373427
71,347,60117
71,358,275884
71,360,525888
71,361,1419342
71,361,317613
71,361,935478
71,361,975499
71,376,1485643
71,376,90386
71,385,84960
71,385,878330
71,406,715633
71,408,1139052
71,408,1279993
71,408,384241
71,419,168934
71,419,237854
71,419,323814
71,419,979671
71,439,1641711
71,44,1396725
71,442,1393687
71,457,258006
71,47,1021040
71,47,354255
71,479,1266105
71,480,1124512
71,496,289641
71,498,1641364
71,50,1623940
71,510,1628900
71,527,1623430
71,527,726588
71,53,492472
71,53,600384
71,541,1424671
71,558,837033
71,559,420959
71,567,1364660
71,57,1615270
71,570,1228191
71,570,197840
71,595,101737
71,595,192551
71,611,1303811
71,611,684437
71,633,816271
71,636,1445317
71,636,69615
71,640,455667
71,646,1035734
71,646,1097078
71,648,923765
71,660,1413397
71,660,1613069
71,660,197027
71,660,236934
71,660,924288
71,683,1259541
71,702,672147
71,713,1337646
71,713,305670
71,713,973327
71,734,886342
71,74,1413561
71,74,4529
71,74,87213
71,750,1255596
71,753,463858
71,753,539313
71,766,778284
71,787,1016747
71,800,1040558
71,800,572378
71,810,1214343
71,817,1616155
71,820,1236419
71,83,1112768
71,83,1127828
71,83,1154161
71,83,13636
71,83,1363632
71,83,795353
71,84,1001178
71,84,1286533
71,84,132419
71,84,1562034
71,84,162029
71,84,197227
71,84,572012
71,865,373053
71,870,1565564
71,91,192129
71,920,150349
71,923,1394301
71,923,49756
71,929,572739
71,931,1031855
71,949,1553387
71,949,666865
71,953,1187499
71,953,1323551
71,954,381378
71,956,1321101
71,956,992825
71,960,514810
71,962,616544
71,962,973434
71,970,1255246
71,970,1428202
71,970,1548644
71,970,31493
71,970,716735
71,970,976805
71,971,1449581
71,971,191574
71,980,230358
71,980,648275
71,996,656266
72,1010,1168906
72,1010,349015
72,1010,4276
72,1010,437247
72,1010,518130
72,1010,59604
72,1010,766879
72,1010,81926
72,1010,832379
72,1010,971860
72,1036,375897
72,1050,1061392
72,1070,1335862
72,1070,770417
72,15,541063
72,22,82543
72,261,1340768
72,343,1053301
72,373,1427855
72,373,680349
72,423,179527
72,430,421781
72,430,655999
72,450,1527418
72,450,1642717
72,450,70180
72,551,1510636
72,827,1129644
72,836,1545038
72,84,711534
72,887,1074866
72,887,306954
72,936,1500473
72,971,1093303
72,971,1431313
72,971,223092
72,971,421024
72,971,520164
72,997,1439423
73,1072,424656
73,1092,541643
73,15,1328605
73,15,362423
73,158,746343
73,163,1320258
73,179,112012
73,179,1575621
73,209,991124
73,22,700395
73,25,1032425
73,261,1531684
73,261,428724
73,287,1115758
73,287,1288190
73,287,40419
73,287,41944
73,287,447861
73,347,960655
73,426,561583
73,430,361646
73,455,55200
73,478,884661
73,519,1038767
73,541,398334
73,56,443768
73,570,121180
73,588,822561
73,595,1394639
73,621,1367380
73,633,132192
73,633,938312
73,636,40998
73,711,1410352
73,740,1427308
73,75,96534
73,83,1108804
73,83,1338887
73,83,1475994
73,879,338748
73,879,375746
73,879,400518
73,879,709194
73,927,187488
73,953,6445
73,971,1035551
73,971,1098151
73,971,1534412
73,971,1564231
73,971,656034
73,971,83537
73,971,860341
73,989,1514166
74,101,444269
74,238,1645126
74,274,408232
74,376,1217784
74,467,738456
74,710,131845
74,971,127931
75,1045,752099
75,121,391229
75,121,391653
75,121,961741
75,16,313687
75,207,612981
75,261,114730
75,261,1607576
75,261,239309
75,261,30688
75,277,277282
75,277,846983
75,397,1273442
75,431,460913
75,434,1391114
75,487,548322
75,53,1438695
75,53,1561516
75,53,277414
75,53,489822
75,53,628261
75,576,1055376
75,576,142780
75,576,1433809
75,576,521014
75,667,1180812
75,774,1124229
75,78,259914
75,796,188953
75,804,520037
75,814,100000
75,949,654908
75,983,687554
76,121,1346109
76,261,1020776
76,261,1566718
76,261,463614
76,281,427128
76,518,576943
76,53,664601
76,608,850716
76,682,302562
76,752,1471255
76,983,1197823
76,983,492399
77,1010,411225
77,1010,909582
77,1034,1193080
77,1070,909838
77,15,1546236
77,15,562329
77,168,1158818
77,241,338773
77,31,460490
77,31,991861
77,318,1342974
77,318,386426
77,318,661447
77,318,858769
77,34,938167
77,397,1138179
77,397,1326790
77,397,1606780
77,408,312240
77,456,1055931
77,48,10251
77,48,488293
77,482,220252
77,505,1277219
77,653,1205177
77,707,535923
77,738,1232874
77,738,1311805
77,832,1132435
77,855,1343612
77,855,359717
77,863,1573120
77,872,1360884
77,872,709117
77,872,785889
77,887,5253
77,909,147032
77,909,45631
77,909,49115
77,927,630521
77,949,1495559
77,956,1560211
77,959,934710
77,971,341199
78,1025,239386
78,1025,862305
78,1025,971584
78,129,352897
78,541,976901
78,595,1088878
78,595,710585
78,595,956801
78,75,719440
78,84,42233
78,84,451847
78,84,555433
78,927,564846
78,953,906534
79,1002,618952
79,1010,400194
79,1021,1120204
79,1029,644288
79,1038,1410106
79,1038,1567408
79,106,585651
79,1061,310444
79,111,1617446
79,1121,306886
79,116,973284
79,129,341868
79,129,545074
79,129,983549
79,131,1440560
79,139,161711
79,15,119096
79,15,1322834
79,15,1467453
79,15,1504082
79,15,1529503
79,15,1535226
79,15,1642348
79,15,171486
79,15,336522
79,15,455987
79,15,470240
79,15,593854
79,15,731164
79,15,958559
79,179,1102405
79,179,1224242
79,179,1263597
79,179,891308
79,20,368058
79,209,456067
79,221,488753
79,233,1605895
79,255,557475
79,265,1615414
79,275,1437720
79,294,1279690
79,294,298732
79,294,354306
79,294,683800
79,301,728044
79,306,1243515
79,306,1278521
79,306,1339427
79,318,1021500
79,318,660735
79,318,883605
79,327,422401
79,347,559059
79,347,831068
79,361,1458769
79,361,637345
79,374,1126480
79,374,406935
79,374,471352
79,376,1609256
79,376,1638047
79,376,168617
79,376,455806
79,393,527351
79,404,45922
79,418,1423235
79,419,1205084
79,419,341748
79,42,1039939
79,42,601638
79,424,1080506
79,430,1380495
79,457,1237553
79,457,1497229
79,460,414984
79,476,664520
79,485,1135290
79,541,1004266
79,541,134899
79,570,1310507
79,570,4447
79,570,446345
79,584,898026
79,593,1223250
79,597,1475412
79,602,1045285
79,61,339383
79,636,1307603
79,636,1510259
79,640,1550139
79,640,211403
79,647,1651589
79,660,1179831
79,687,120531
79,702,395402
79,713,1377154
79,74,1106698
79,75,442370
79,776,788367
79,789,1183213
79,810,1069960
79,810,1215500
79,810,1303704
79,810,1331811
79,810,1447844
79,810,274191
79,810,411199
79,810,417668
79,810,492948
79,810,836153
79,810,89745
79,810,908669
79,810,975318
79,84,997699
79,843,358792
79,894,1508674
79,894,515567
79,894,630564
79,923,361782
79,927,1639569
79,931,1055743
79,949,771917
79,953,1450907
79,956,1367816
79,956,87697
79,96,1107852
79,96,393259
79,96,412708
79,96,530797
79,96,885224
79,960,434089
79,961,8646
79,962,1179314
79,962,776930
79,962,78876
79,971,1197240
79,971,317849
79,971,413926
79,971,56113
79,971,645594
79,971,802216
79,971,986765
79,973,904962
79,983,1006290
79,983,1078633
79,983,1103184
79,983,120454
79,983,1383113
79,983,1462640
79,983,1494535
79,983,212511
79,983,711889
79,983,816721
79,989,1150400
79,989,1186512
79,989,21060
79,989,293581
79,990,390582
79,998,1589141
8,261,229891
8,60,91465
8,815,680797
8,864,1484747
8,946,1652735
8,948,1017897
8,953,956667
80,1010,725505
80,1015,9426
80,1019,756285
80,1034,1369532
80,1038,579977
80,1065,1097819
80,1065,1249743
80,1068,856237
80,1081,734746
80,1089,178758
80,1093,1481183
80,1093,719393
80,117,101521
80,117,198655
80,117,813767
80,117,91546
80,127,1470977
80,127,271996
80,127,57772
80,127,931642
80,141,1552828
80,15,102525
80,15,104619
80,15,1051932
80,15,116088
80,15,1197215
80,15,120771
80,15,1223052
80,15,1271074
80,15,1364346
80,15,1373373
80,15,1410439
80,15,1454947
80,15,1482939
80,15,1484815
80,15,1551706
80,15,1600280
80,15,187520
80,15,198622
80,15,309745
80,15,338366
80,15,365512
80,15,40065
80,15,404959
80,15,453513
80,15,549406
80,15,552985
80,15,562145
80,15,56288
80,15,574008
80,15,59396
80,15,647980
80,15,710780
80,15,792663
80,15,890265
80,15,944441
80,15,957897
80,15,961468
80,15,998592
80,174,485750
80,177,1202675
80,207,18937
80,211,1142630
80,211,791060
80,233,268227
80,237,1217917
80,239,191094
80,247,671128
80,268,1104144
80,268,1511746
80,268,912002
80,270,18296
80,270,782275
80,271,803667
80,272,584035
80,272,818266
80,28,807112
80,290,4777
80,295,1213082
80,295,146471
80,295,1472838
80,295,517530
80,295,713330
80,295,731382
80,295,756937
80,295,791372
80,295,929772
80,303,1083822
80,303,19962
80,303,468375
80,306,1316976
80,310,1326408
80,318,1317027
80,318,1609254
80,318,344075
80,318,35076
80,318,366079
80,318,410538
80,318,592636
80,318,811623
80,318,94935
80,319,1339289
80,319,995904
80,324,157146
80,324,548830
80,327,1524636
80,333,1178151
80,34,264262
80,34,567194
80,34,634313
80,347,1023621
80,360,1482160
80,360,437321
80,361,1313828
80,367,609349
80,372,62076
80,372,753133
80,376,1328324
80,391,1293107
80,391,139762
80,397,447117
80,408,1299558
80,408,800801
80,41,429704
80,412,176810
80,412,792611
80,417,1506575
80,419,1123232
80,419,138457
80,419,756755
80,419,940084
80,427,386053
80,427,945809
80,431,1344791
80,442,701764
80,443,1315115
80,443,37006
80,454,950293
80,457,679395
80,459,531146
80,474,213117
80,474,329327
80,48,1237301
80,504,188831
80,51,1111683
80,51,1124053
80,51,118631
80,51,1186915
80,51,1280928
80,51,1608518
80,51,299011
80,51,393529
80,51,523220
80,51,684094
80,51,831501
80,51,987724
80,53,1651378
80,53,20313
80,53,95768
80,541,778517
80,543,1633743
80,548,985449
80,55,301714
80,560,283786
80,561,1556935
80,570,1583460
80,570,30103
80,581,1486246
80,581,463554
80,582,635540
80,595,1306829
80,595,398572
80,595,794004
80,595,967609
80,604,123808
80,604,1501303
80,604,903982
80,604,956354
80,614,767003
80,620,740446
80,636,1511628
80,636,1587361
80,636,373101
80,647,1582358
80,660,1022437
80,660,1613954
80,683,270214
80,702,1040280
80,702,489626
80,702,785336
80,713,1015586
80,713,258734
80,713,584827
80,725,122656
80,725,1355391
80,725,1478624
80,725,1611476
80,725,270083
80,725,456343
80,726,1443802
80,726,1567064
80,739,1193988
80,739,967613
80,74,214076
80,74,356445
80,74,413780
80,74,940149
80,757,1362924
80,757,1582439
80,760,41016
80,778,789590
80,792,986468
80,810,1073339
80,810,1280869
80,810,1328679
80,810,1409709
80,810,253691
80,810,361247
80,810,481415
80,810,848852
80,816,1414644
80,816,289797
80,816,813765
80,82,1114030
80,82,1596125
80,82,570285
80,82,928089
80,826,1120889
80,838,1418554
80,84,1180380
80,84,1400034
80,84,855872
80,854,1230086
80,867,1468316
80,867,28152
80,872,1161506
80,872,13100
80,872,209577
80,872,319589
80,872,329789
80,872,354242
80,872,468792
80,872,922283
80,872,973725
80,878,344299
80,887,91103
80,893,1316966
80,923,143275
80,923,1469640
80,923,1553683
80,923,197491
80,926,1000126
80,927,555332
80,927,5628
80,927,713575
80,931,125078
80,931,542511
80,932,501665
80,932,86638
80,939,1411496
80,949,1503632
80,949,877777
80,953,177333
80,953,21991
80,953,228643
80,956,582534
80,956,647968
80,960,233969
80,960,722996
80,962,109562
80,962,1193958
80,962,1196797
80,962,404818
80,971,1053359
80,971,1381843
80,971,1561496
80,971,1633889
80,971,520951
80,971,567534
80,971,798971
80,971,877559
80,971,885356
80,980,1325085
80,981,1452111
80,984,420407
81,1004,47944
81,1034,1512815
81,1035,1485919
81,1038,360817
81,1048,1028387
81,1052,1298200
81,1057,1295411
81,106,1060338
81,106,13286
81,106,178477
81,1060,416948
81,1062,574444
81,1103,1015037
81,1121,1195763
81,1121,1392724
81,1121,211015
81,114,1030545
81,129,144442
81,129,1613626
81,129,1645681
81,129,638254
81,130,39475
81,132,1205552
81,139,1116625
81,139,595398
81,15,1041532
81,15,1089854
81,15,1117187
81,15,1118067
81,15,1169693
81,15,1214601
81,15,1219389
81,15,1324202
81,15,1373054
81,15,1422885
81,15,1474423
81,15,1494162
81,15,158036
81,15,330440
81,15,454780
81,15,774920
81,15,862599
81,155,1417144
81,17,1376290
81,179,1342577
81,179,1409150
81,179,198779
81,179,339969
81,185,696263
81,210,558609
81,214,1101169
81,220,1603761
81,230,52011
81,237,805286
81,256,1466404
81,265,1028280
81,265,271031
81,265,344749
81,265,443861
81,265,488138
81,265,515404
81,265,719936
81,265,836169
81,265,95080
81,279,716738
81,306,1209488
81,306,403540
81,306,549260
81,318,1035408
81,318,113051
81,318,1255568
81,318,1473882
81,318,1560380
81,318,25767
81,318,37935
81,318,399546
81,318,558200
81,318,753549
81,318,753639
81,318,97359
81,324,235904
81,33,749047
81,347,1376392
81,347,637879
81,359,1302333
81,361,1039892
81,361,1064091
81,361,174096
81,361,756016
81,361,990071
81,374,867720
81,376,1477183
81,376,1560505
81,393,1406055
81,393,1483097
81,408,1065118
81,408,77600
81,419,1384367
81,419,419595
81,419,53715
81,419,696043
81,419,831663
81,42,673547
81,443,790238
81,479,719760
81,487,352870
81,53,576603
81,541,1377209
81,541,656095
81,541,902774
81,569,643634
81,570,266735
81,570,385793
81,570,847359
81,593,67160
81,632,1148197
81,636,1340587
81,639,1162344
81,639,1512279
81,639,480003
81,640,1628430
81,647,156797
81,673,340926
81,683,1260183
81,688,126433
81,702,879574
81,74,1589739
81,74,335405
81,74,49623
81,810,1052415
81,810,1567442
81,810,168124
81,810,249181
81,810,314371
81,810,476973
81,810,566601
81,810,66830
81,810,668601
81,810,682992
81,810,835366
81,810,836533
81,810,853573
81,810,967514
81,833,1312307
81,833,418688
81,833,845243
81,84,1534357
81,84,1567319
81,84,197557
81,84,548974
81,84,646460
81,843,529299
81,843,805821
81,869,1213829
81,872,622398
81,885,308715
81,89,476840
81,925,1617056
81,949,107696
81,949,1319975
81,956,753982
81,96,692528
81,962,1424838
81,971,1413735
81,971,733322
81,971,979520
81,971,994449
81,983,1021941
81,983,1148020
81,983,1284682
81,983,1483758
81,983,1512142
81,983,1540431
81,983,274485
81,983,497499
81,983,757737
81,983,870231
81,989,1015369
81,989,1051928
81,989,1165736
81,989,1522794
81,989,153626
81,989,300148
81,989,434388
81,990,1081236
82,879,1489775
83,1025,1380013
83,129,1065570
83,129,508840
83,243,49285
83,314,1015437
83,318,1373531
83,393,560921
83,419,933128
83,487,238219
83,489,1322900
83,512,397058
83,529,683646
83,529,91139
83,595,1641480
83,604,1248115
83,639,95737
83,674,326460
83,687,1554340
83,84,370034
83,89,331372
83,89,353377
83,927,709388
83,953,170793
83,983,1504578
83,983,279269
83,989,1105610
83,989,1404952
83,989,223385
83,989,375906
83,989,828538
83,989,844506
84,1010,1395360
84,1010,653336
84,222,329468
84,660,851321
85,1106,1585293
85,1106,1592514
85,254,1596514
85,261,1394762
85,261,1628246
85,261,915734
85,430,296439
85,456,1008751
85,456,1519057
85,59,626309
85,595,581022
85,600,1269335
85,62,828673
85,683,531060
85,850,1094231
85,887,219288
85,887,838889
85,887,883162
85,914,315471
85,971,855274
86,1010,107206
86,1022,1355649
86,1022,1416102
86,1022,268838
86,1022,586231
86,1022,713760
86,1022,847532
86,1022,879534
86,1022,932905
86,1022,944962
86,1054,573963
86,1057,1620195
86,15,1246466
86,15,127450
86,15,1278448
86,15,1388719
86,15,1534977
86,15,1575542
86,15,348947
86,15,409293
86,15,53473
86,15,667742
86,15,729179
86,15,741934
86,15,829341
86,15,829750
86,15,934023
86,180,114557
86,208,21116
86,237,1088161
86,390,1045328
86,390,1171888
86,390,159108
86,390,386281
86,390,397799
86,390,647691
86,390,665152
86,390,681352
86,390,741479
86,454,1301727
86,53,1378448
86,566,1035474
86,566,130779
86,566,1437350
86,566,1552943
86,566,1589493
86,566,160315
86,566,319633
86,566,418171
86,566,558591
86,612,780993
86,627,1621216
86,691,1317383
86,702,933204
86,724,1270696
86,724,1368092
86,724,93993
86,872,144214
86,872,695537
86,872,736552
86,898,1234653
86,898,1285748
86,898,1484487
86,898,400917
86,898,581546
86,911,81790
86,971,1007291
86,971,1213857
86,971,1328760
86,971,1404892
86,971,1501212
86,971,1592939
86,971,1608589
86,971,309006
86,971,425044
86,971,438731
86,971,53946
86,971,605999
86,971,662474
86,971,914362
86,971,926022
86,980,100003
86,980,1052687
86,980,602973
87,113,975333
87,274,156074
87,376,1432917
87,407,458300
87,467,962319
87,644,238212
87,68,296940
87,702,1390153
87,704,59066
87,709,838991
87,710,825311
87,742,181224
87,83,1316936
87,949,1409329
87,971,488646
88,261,1623144
88,520,238642
88,916,1560196
89,144,239821
89,202,675227
89,360,1366706
89,52,1048629
89,533,724216
89,668,469027
89,79,786789
89,81,1611534
89,821,1268484
89,882,1469683
89,915,995561
89,984,193737
9,1002,462251
9,1002,982590
9,101,1516559
9,1010,788046
9,1010,803157
9,1016,210869
9,1036,504697
9,1036,833617
9,1039,54718
9,1049,45779
9,1069,1026351
9,1069,727139
9,107,923534
9,109,547483
9,11,760202
9,11,911952
9,1111,1585422
9,1112,610680
9,15,1112889
9,15,1117793
9,157,59882
9,164,763059
9,183,30105
9,186,585859
9,188,1396673
9,188,551566
9,188,715204
9,196,1083751
9,196,65173
9,225,764666
9,231,29916
9,252,559463
9,260,148688
9,274,1101782
9,274,1125390
9,274,1187454
9,274,1226545
9,274,1285136
9,274,130456
9,274,1354165
9,274,157867
9,274,1583341
9,274,164222
9,274,303292
9,274,464997
9,274,760493
9,274,889088
9,351,1013565
9,351,489817
9,351,771856
9,376,1137868
9,376,1189654
9,376,1225367
9,376,1241686
9,376,1348542
9,376,1421917
9,376,1502959
9,376,174465
9,376,477948
9,376,608943
9,376,673354
9,376,783707
9,376,958687
9,386,445143
9,401,1379913
9,401,34205
9,41,1062457
9,419,1320857
9,435,1545685
9,435,663492
9,456,135031
9,456,1422303
9,456,687453
9,456,762349
9,501,1614989
9,537,885215
9,541,1062932
9,541,427585
9,541,813717
9,545,1536925
9,567,489014
9,616,1533003
9,638,1310401
9,74,1429754
9,759,1352162
9,759,813884
9,810,1492779
9,810,962760
9,811,1302171
9,84,711594
9,84,870264
9,84,97555
9,871,367179
9,887,661511
9,892,1284179
9,892,763453
9,898,1390343
9,898,685450
9,898,822730
9,944,372270
9,95,430617
9,950,1549357
9,963,562380
9,971,1026125
9,971,1224492
9,971,1349861
9,971,20643
9,971,300767
9,971,559708
9,971,865740
9,971,944746
9,98,1028542
9,99,1650392
9,99,715185
90,205,485971
90,427,1251019
90,846,880160
91,1008,733760
91,1055,800739
91,1087,771719
91,110,31081
91,1120,350003
91,15,1151733
91,15,121337
91,15,305301
91,15,600109
91,202,338959
91,261,1616551
91,261,172683
91,277,748933
91,286,309818
91,31,384233
91,363,48385
91,384,175913
91,43,1005641
91,503,867206
91,503,899812
91,505,1212025
91,505,301238
91,505,80841
91,595,1121484
91,682,8479
91,705,38306
91,833,937822
91,84,909195
91,969,1612280
91,969,1617016
91,969,176891
91,969,600241
91,983,182495
91,989,1265859
91,989,1277900
92,372,1122841
92,372,328986
92,372,336515
92,397,621958
92,74,1194248
93,1031,1134592
93,1031,1564084
93,1031,394782
93,1031,914998
93,1031,988610
93,1080,1231997
93,1080,1274135
93,1080,235831
93,1080,555697
93,1080,61402
93,1080,919045
93,1119,61947
93,1122,938100
93,151,1164637
93,157,766403
93,258,980951
93,272,590579
93,274,1330767
93,274,675013
93,34,1133099
93,360,1542840
93,467,1338950
93,467,1407870
93,467,1554493
93,467,157594
93,467,20901
93,47,835505
93,507,1035873
93,524,1225009
93,524,1397686
93,524,1406234
93,524,1511345
93,524,20406
93,524,872613
93,531,1623966
93,563,136651
93,563,1596911
93,563,209168
93,563,954755
93,640,29820
93,647,1525347
93,660,1556669
93,692,346972
93,692,872867
93,769,1338913
93,801,925946
93,831,1479975
93,909,227080
93,931,226348
93,949,1149923
93,953,1510488
93,955,934376
93,971,87430
93,999,342253
94,14,1461620
94,215,1412670
94,494,1291009
94,53,180123
94,53,818673
94,737,1596325
94,773,947105
95,129,1585597
95,15,1620672
95,15,245839
95,15,669799
95,163,1559367
95,26,46131
95,311,817225
95,370,938146
95,404,891918
95,454,1026594
95,454,1242728
95,454,1534701
95,454,716498
95,607,1086201
95,610,940580
95,637,270231
95,657,1319725
95,707,1027818
95,707,1399957
95,707,1641044
95,74,1226462
95,788,434817
95,883,732528
95,943,302120
95,956,1338842
96,1010,618456
96,1013,469495
96,1013,988590
96,1031,1081239
96,1031,109307
96,1031,1404089
96,1031,1571699
96,1031,1632426
96,1031,268653
96,1031,558566
96,1031,616101
96,1031,95708
96,1031,967044
96,1034,998651
96,1041,430974
96,1064,314052
96,1068,349679
96,1091,601694
96,115,364037
96,115,719772
96,124,389143
96,124,659652
96,13,120418
96,13,660298
96,142,34402
96,142,387197
96,142,681058
96,142,697444
96,142,722592
96,15,1647800
96,179,998108
96,193,1106425
96,195,906034
96,222,312876
96,233,1458615
96,234,823437
96,236,1380007
96,27,332081
96,3,463383
96,30,359468
96,307,1171436
96,329,473017
96,329,792359
96,361,1274829
96,376,612183
96,419,1482803
96,419,520446
96,419,575753
96,475,1423678
96,48,796266
96,487,1157961
96,489,1315719
96,499,1557182
96,51,1016280
96,51,486931
96,51,759782
96,526,116164
96,526,959572
96,595,408339
96,595,673589
96,604,1292577
96,604,224642
96,647,1573088
96,660,1005216
96,660,381591
96,660,408810
96,660,86905
96,664,993521
96,666,1133627
96,666,1327874
96,670,232724
96,694,861694
96,695,1566241
96,702,264043
96,702,934040
96,713,127171
96,720,174181
96,74,502958
96,757,487526
96,799,1451481
96,799,1498579
96,799,402673
96,819,1356445
96,819,829687
96,84,1241918
96,84,1458490
96,84,1491878
96,84,163209
96,84,606617
96,853,501714
96,853,793488
96,860,122212
96,924,1342936
96,931,1526248
96,931,679563
96,931,811512
96,953,880894
96,96,364264
96,964,588710
96,977,1049097
96,984,397758
97,1004,469723
97,1006,586151
97,1024,376901
97,1031,240956
97,1034,1205814
97,1034,1431598
97,1034,850621
97,1098,233851
97,115,445139
97,15,160477
97,207,546956
97,236,461735
97,236,892388
97,306,527854
97,354,752200
97,378,7283
97,448,646224
97,448,817186
97,492,1599867
97,492,699103
97,492,747579
97,492,754279
97,536,889077
97,55,1043880
97,565,482112
97,565,588921
97,565,679320
97,565,68183
97,575,169714
97,589,789054
97,595,1441197
97,595,1446291
97,595,856881
97,634,1563467
97,634,781712
97,634,841239
97,634,881274
97,634,997787
97,656,1239357
97,657,172735
97,707,559108
97,713,492164
97,756,759434
97,767,1390363
97,83,1569428
97,84,1205027
97,84,1373323
97,84,1592254
97,84,205330
97,84,24079
97,84,767320
97,887,1562883
97,934,1076623
97,934,1147548
97,934,1268398
97,934,1283267
97,934,1298454
97,934,293119
97,934,298241
97,934,502594
97,934,722290
97,953,262216
97,953,569480
98,129,1169297
98,179,1026907
98,179,36460
98,179,412407
98,179,433187
98,179,441451
98,179,525612
98,214,1257318
98,237,890247
98,376,699633
98,404,1207994
98,408,1270502
98,53,314666
98,541,136302
98,541,227316
98,541,305946
98,541,379484
98,541,947396
98,593,586351
98,956,289372
98,971,1294442
98,971,1454476
98,971,816021
98,989,1170112
98,989,1247758
98,989,203720
98,989,491268
98,989,669238
98,989,754219
99,576,627754
99,804,955511
